2.610000000000000098e-01
-3.099999999999999978e-01
8.940000000000000169e-01
-1.348999999999999977e+00
1.538000000000000034e+00
-2.109999999999999931e-01
-6.870000000000000551e-01
-1.038000000000000034e+00
-1.570999999999999952e+00
-7.570000000000000062e-01
9.759999999999999787e-01
-3.370000000000000218e-01
-5.709999999999999520e-01
6.390000000000000124e-01
2.630000000000000115e-01
3.604000000000000092e+00
-2.720000000000000195e-01
8.149999999999999467e-01
1.868000000000000105e+00
-2.409999999999999920e-01
-5.629999999999999449e-01
-3.230000000000000093e-01
1.499999999999999944e-01
-2.489999999999999991e-01
1.866999999999999993e+00
1.562000000000000055e+00
-1.401000000000000023e+00
5.000000000000000278e-02
-6.969999999999999529e-01
-1.276999999999999913e+00
-1.629000000000000004e+00
4.560000000000000164e-01
7.540000000000000036e-01
4.000000000000000083e-02
2.156000000000000139e+00
2.069999999999999896e-01
1.306000000000000050e+00
-2.139999999999999958e-01
-1.106000000000000094e+00
7.249999999999999778e-01
7.660000000000000142e-01
-9.669999999999999707e-01
1.859999999999999987e-01
-9.959999999999999964e-01
5.949999999999999734e-01
1.046000000000000041e+00
1.858999999999999986e+00
7.489999999999999991e-01
6.300000000000000044e-02
-1.124000000000000110e+00
-7.770000000000000240e-01
8.000000000000000167e-02
3.109999999999999987e-01
6.320000000000000062e-01
-9.509999999999999565e-01
-1.630000000000000060e-01
-5.110000000000000098e-01
-1.800999999999999934e+00
8.100000000000000255e-02
9.989999999999999991e-01
5.370000000000000329e-01
-3.049999999999999933e-01
1.425000000000000044e+00
-1.139000000000000012e+00
1.707999999999999963e+00
-1.620000000000000051e-01
6.500000000000000222e-01
1.570000000000000007e-01
-1.417999999999999927e+00
-6.129999999999999893e-01
6.420000000000000151e-01
7.129999999999999671e-01
1.622000000000000108e+00
-9.979999999999999982e-01
1.193000000000000060e+00
-5.719999999999999529e-01
-2.670000000000000151e-01
1.390000000000000124e-01
1.590000000000000024e-01
-1.400000000000000133e-01
6.490000000000000213e-01
-7.249999999999999778e-01
-2.161000000000000032e+00
8.950000000000000178e-01
-7.009999999999999565e-01
-6.670000000000000373e-01
-9.799999999999999822e-01
-4.200000000000000261e-02
5.170000000000000151e-01
8.040000000000000480e-01
-3.659999999999999920e-01
-7.699999999999999900e-02
-1.320000000000000062e+00
1.050000000000000044e+00
9.050000000000000266e-01
-1.112000000000000099e+00
8.999999999999999667e-02
6.129999999999999893e-01
-7.189999999999999725e-01
-1.419999999999999873e-01
7.099999999999999645e-01
-6.199999999999999956e-02
-1.439999999999999891e-01
1.260000000000000009e+00
-8.750000000000000000e-01
1.029999999999999943e-01
-7.820000000000000284e-01
-3.240000000000000102e-01
-9.090000000000000302e-01
-1.739999999999999880e-01
-5.150000000000000133e-01
-9.230000000000000426e-01
-7.650000000000000133e-01
-1.362999999999999989e+00
1.927000000000000046e+00
4.060000000000000275e-01
2.193999999999999950e+00
1.155000000000000027e+00
-1.417999999999999927e+00
6.069999999999999840e-01
-2.250000000000000056e-01
-1.332999999999999963e+00
1.201000000000000068e+00
6.109999999999999876e-01
-1.143000000000000016e+00
1.834000000000000075e+00
1.582999999999999963e+00
1.502000000000000002e+00
5.299999999999999850e-02
1.171000000000000041e+00
1.130000000000000032e-01
-5.600000000000000117e-02
-8.300000000000000433e-02
1.411999999999999922e+00
-4.139999999999999791e-01
5.600000000000000117e-02
2.194999999999999840e+00
-8.729999999999999982e-01
-4.380000000000000004e-01
1.254000000000000004e+00
1.947000000000000064e+00
1.685000000000000053e+00
4.959999999999999964e-01
-7.329999999999999849e-01
-2.895000000000000018e+00
-4.289999999999999925e-01
-1.118000000000000105e+00
-4.000000000000000222e-01
-2.190000000000000002e-01
-2.487999999999999989e+00
4.789999999999999813e-01
9.879999999999999893e-01
6.490000000000000213e-01
1.556000000000000050e+00
-1.219000000000000083e+00
-5.629999999999999449e-01
-1.752000000000000002e+00
-2.125000000000000000e+00
-1.268000000000000016e+00
-7.079999999999999627e-01
8.699999999999999400e-02
2.051000000000000156e+00
-9.909999999999999920e-01
-1.348000000000000087e+00
-9.479999999999999538e-01
7.760000000000000231e-01
1.439999999999999891e-01
-7.570000000000000062e-01
-1.320000000000000062e-01
1.637000000000000011e+00
1.741000000000000103e+00
-1.170000000000000068e-01
-6.039999999999999813e-01
-2.142999999999999794e+00
-5.700000000000000205e-02
9.469999999999999529e-01
-2.200000000000000011e-01
-2.229999999999999982e+00
-1.157000000000000028e+00
6.550000000000000266e-01
-5.520000000000000462e-01
1.749999999999999889e-01
-1.625999999999999890e+00
5.959999999999999742e-01
7.620000000000000107e-01
-1.151999999999999913e+00
-1.213999999999999968e+00
5.410000000000000364e-01
-1.453000000000000069e+00
-6.989999999999999547e-01
2.640000000000000124e-01
9.320000000000000506e-01
-1.534999999999999920e+00
1.762999999999999901e+00
8.569999999999999840e-01
-2.767999999999999794e+00
1.842000000000000082e+00
-4.729999999999999760e-01
-1.429000000000000048e+00
-1.479999999999999927e-01
-1.829999999999999960e-01
6.300000000000000044e-01
5.250000000000000222e-01
9.499999999999999556e-01
1.762999999999999901e+00
8.940000000000000169e-01
1.334000000000000075e+00
1.354000000000000092e+00
-5.320000000000000284e-01
1.769999999999999907e-01
9.839999999999999858e-01
2.369999999999999885e-01
-9.230000000000000426e-01
8.249999999999999556e-01
1.324999999999999956e+00
2.710000000000000187e-01
-3.170000000000000040e-01
-5.639999999999999458e-01
-9.809999999999999831e-01
-1.215999999999999970e+00
4.219999999999999862e-01
1.217000000000000082e+00
-5.070000000000000062e-01
-4.159999999999999809e-01
1.002000000000000002e+00
9.260000000000000453e-01
1.104999999999999982e+00
3.519999999999999796e-01
-2.530000000000000027e-01
-2.049999999999999878e-01
9.519999999999999574e-01
3.840000000000000080e-01
5.699999999999999512e-01
9.160000000000000364e-01
-8.860000000000000098e-01
-5.719999999999999529e-01
1.149000000000000021e+00
1.062999999999999945e+00
1.330999999999999961e+00
1.989999999999999991e+00
-1.292000000000000037e+00
-1.104000000000000092e+00
-8.760000000000000009e-01
-1.799999999999999864e-02
-5.500000000000000444e-01
-9.699999999999999734e-01
-4.040000000000000258e-01
-4.900000000000000189e-02
-2.469999999999999973e-01
1.500000000000000000e+00
1.875000000000000000e+00
-4.289999999999999925e-01
-8.479999999999999760e-01
-1.439999999999999891e-01
-4.979999999999999982e-01
-2.570000000000000062e-01
1.193000000000000060e+00
9.559999999999999609e-01
-1.314000000000000057e+00
1.080000000000000071e+00
-1.110000000000000014e-01
9.889999999999999902e-01
7.209999999999999742e-01
-6.650000000000000355e-01
3.059999999999999942e-01
1.975999999999999979e+00
-2.096999999999999975e+00
-9.659999999999999698e-01
-2.013999999999999790e+00
-7.369999999999999885e-01
-2.700000000000000178e-01
9.340000000000000524e-01
6.830000000000000515e-01
-2.469999999999999973e-01
1.079999999999999988e-01
1.342000000000000082e+00
-4.779999999999999805e-01
7.670000000000000151e-01
1.435000000000000053e+00
1.161000000000000032e+00
1.747999999999999998e+00
-6.590000000000000302e-01
6.440000000000000169e-01
8.100000000000000255e-02
2.119999999999999940e-01
-2.750000000000000222e-01
1.403000000000000025e+00
-8.459999999999999742e-01
-2.341000000000000192e+00
-6.099999999999999867e-01
-1.769999999999999907e-01
-2.670000000000000151e-01
3.810000000000000053e-01
-1.000999999999999890e+00
8.529999999999999805e-01
6.900000000000000577e-02
-1.170000000000000068e-01
-4.689999999999999725e-01
1.455999999999999961e+00
-1.469999999999999973e+00
1.066000000000000059e+00
1.286000000000000032e+00
-1.943999999999999950e+00
1.407999999999999918e+00
1.818000000000000060e+00
9.199999999999999845e-02
-9.499999999999999556e-01
8.519999999999999796e-01
-2.181999999999999940e+00
-2.999999999999999889e-02
9.260000000000000453e-01
-6.270000000000000018e-01
-1.153999999999999915e+00
7.720000000000000195e-01
1.181000000000000050e+00
-1.127999999999999892e+00
-4.869999999999999885e-01
-3.800000000000000044e-01
-2.088999999999999968e+00
-6.550000000000000266e-01
-7.269999999999999796e-01
2.237000000000000099e+00
-1.179999999999999938e-01
-1.802000000000000046e+00
1.145000000000000018e+00
8.419999999999999707e-01
3.079999999999999960e-01
-1.370000000000000107e+00
-1.941000000000000059e+00
-2.600000000000000089e-01
2.959999999999999853e-01
-1.137000000000000011e+00
-5.500000000000000028e-02
-1.691999999999999948e+00
1.479999999999999927e-01
-7.760000000000000231e-01
6.300000000000000044e-01
-1.433999999999999941e+00
3.130000000000000004e-01
1.106000000000000094e+00
1.032000000000000028e+00
1.260999999999999899e+00
9.020000000000000240e-01
1.739999999999999880e-01
-1.848999999999999977e+00
7.059999999999999609e-01
-1.883000000000000007e+00
-1.173999999999999932e+00
-6.049999999999999822e-01
-4.819999999999999840e-01
1.362999999999999989e+00
-1.270000000000000018e-01
-4.799999999999999822e-01
-6.700000000000000400e-01
3.300000000000000155e-01
1.336000000000000076e+00
-2.895999999999999908e+00
7.660000000000000142e-01
-1.759999999999999898e-01
-1.169999999999999929e+00
-8.110000000000000542e-01
-4.329999999999999960e-01
-1.217000000000000082e+00
-1.596000000000000085e+00
1.354999999999999982e+00
-4.329999999999999960e-01
1.429000000000000048e+00
-2.750000000000000222e-01
-1.243000000000000105e+00
1.139000000000000012e+00
-7.890000000000000346e-01
1.241999999999999993e+00
1.213000000000000078e+00
-3.629999999999999893e-01
7.000000000000000666e-02
1.290999999999999925e+00
-1.004000000000000004e+00
-1.677999999999999936e+00
-5.709999999999999520e-01
2.620000000000000107e-01
-9.459999999999999520e-01
9.320000000000000506e-01
1.296999999999999931e+00
-6.039999999999999813e-01
3.170000000000000040e-01
-6.099999999999999867e-02
6.009999999999999787e-01
5.000000000000000104e-03
-8.389999999999999680e-01
-1.578000000000000069e+00
-4.800000000000000100e-02
7.650000000000000133e-01
-8.899999999999999578e-02
-1.782000000000000028e+00
1.640000000000000069e-01
-1.167000000000000037e+00
-6.929999999999999494e-01
-8.269999999999999574e-01
-3.970000000000000195e-01
5.909999999999999698e-01
-1.848000000000000087e+00
-1.940000000000000058e-01
1.288999999999999924e+00
1.306000000000000050e+00
-1.320000000000000062e-01
-1.308999999999999941e+00
-8.439999999999999725e-01
-5.170000000000000151e-01
-1.762999999999999901e+00
3.420000000000000262e-01
-2.620000000000000107e-01
1.487000000000000099e+00
3.123000000000000220e+00
1.568999999999999950e+00
-1.622000000000000108e+00
-1.739999999999999880e-01
2.919999999999999818e-01
-8.279999999999999583e-01
-2.169999999999999984e-01
-2.039999999999999869e-01
-2.320000000000000118e-01
2.510000000000000009e-01
1.869999999999999996e-01
-1.149000000000000021e+00
-8.519999999999999796e-01
1.393000000000000016e+00
-1.334999999999999964e+00
-2.132000000000000117e+00
1.491999999999999993e+00
6.440000000000000169e-01
8.249999999999999556e-01
-1.997999999999999998e+00
2.670000000000000151e-01
-8.559999999999999831e-01
4.000000000000000222e-01
2.109999999999999931e-01
8.080000000000000515e-01
-1.306000000000000050e+00
3.860000000000000098e-01
-4.959999999999999964e-01
9.210000000000000409e-01
-3.459999999999999742e-01
-2.439999999999999947e-01
-5.240000000000000213e-01
-4.490000000000000102e-01
4.819999999999999840e-01
5.700000000000000205e-02
2.900000000000000147e-02
-6.790000000000000480e-01
-5.199999999999999761e-02
-4.400000000000000022e-01
9.439999999999999503e-01
-3.729999999999999982e-01
-8.129999999999999449e-01
2.080000000000000071e+00
7.520000000000000018e-01
8.799999999999999489e-02
-9.050000000000000266e-01
-9.669999999999999707e-01
1.079999999999999988e-01
6.969999999999999529e-01
1.360000000000000098e-01
4.450000000000000067e-01
-2.000000000000000042e-03
8.920000000000000151e-01
5.869999999999999662e-01
-1.534000000000000030e+00
4.610000000000000209e-01
-1.170000000000000068e-01
-2.419999999999999929e-01
2.969999999999999862e-01
2.611000000000000210e+00
-1.629999999999999893e+00
-1.290000000000000036e+00
1.911000000000000032e+00
-1.592999999999999972e+00
-2.829999999999999738e-01
1.443000000000000060e+00
2.323999999999999844e+00
1.336999999999999966e+00
8.950000000000000178e-01
2.510000000000000009e-01
1.546000000000000041e+00
1.445999999999999952e+00
-1.859999999999999987e-01
4.359999999999999987e-01
-5.590000000000000524e-01
8.020000000000000462e-01
1.054999999999999938e+00
-6.530000000000000249e-01
1.254999999999999893e+00
5.410000000000000364e-01
5.849999999999999645e-01
-1.680000000000000104e-01
2.079999999999999905e-01
-2.139999999999999958e-01
1.060999999999999943e+00
1.254999999999999893e+00
-1.254000000000000004e+00
6.900000000000000577e-02
-1.610000000000000098e+00
-2.007000000000000117e+00
1.219000000000000083e+00
-8.299999999999999600e-01
-2.145000000000000018e+00
-1.106000000000000094e+00
1.171999999999999931e+00
-1.324000000000000066e+00
1.130000000000000032e-01
6.119999999999999885e-01
5.600000000000000533e-01
-1.532000000000000028e+00
5.410000000000000364e-01
-1.383999999999999897e+00
8.990000000000000213e-01
-1.141000000000000014e+00
-5.220000000000000195e-01
-6.430000000000000160e-01
1.439999999999999947e+00
-1.004999999999999893e+00
2.261000000000000121e+00
-1.435999999999999943e+00
-2.550000000000000044e-01
-4.239999999999999880e-01
8.000000000000000444e-01
2.366999999999999993e+00
-1.290000000000000036e+00
-1.556000000000000050e+00
-1.310000000000000053e-01
-1.078999999999999959e+00
-4.410000000000000031e-01
-1.580000000000000016e-01
9.879999999999999893e-01
-7.169999999999999707e-01
-6.300000000000000044e-02
1.680000000000000104e-01
9.280000000000000471e-01
-1.030999999999999917e+00
-6.760000000000000453e-01
-9.849999999999999867e-01
1.360000000000000098e-01
1.070999999999999952e+00
-4.510000000000000120e-01
3.810000000000000053e-01
-1.213000000000000078e+00
-1.519999999999999962e-01
1.779999999999999916e-01
-4.570000000000000173e-01
-8.699999999999999400e-02
-5.699999999999999512e-01
-6.420000000000000151e-01
1.880000000000000004e-01
-2.650000000000000133e-01
1.849999999999999978e-01
-4.249999999999999889e-01
2.169999999999999929e+00
-3.699999999999999817e-02
2.369999999999999885e-01
-1.241999999999999993e+00
-3.639999999999999902e-01
1.719999999999999862e-01
-4.109999999999999765e-01
-3.190000000000000058e-01
-9.639999999999999680e-01
1.776999999999999913e+00
1.588000000000000078e+00
-3.180000000000000049e-01
3.760000000000000009e-01
-1.899999999999999953e-02
-8.060000000000000497e-01
-5.310000000000000275e-01
1.237000000000000099e+00
-1.866999999999999993e+00
5.949999999999999734e-01
5.380000000000000338e-01
1.078999999999999959e+00
-5.989999999999999769e-01
2.310000000000000109e-01
-2.185999999999999943e+00
8.429999999999999716e-01
6.350000000000000089e-01
7.950000000000000400e-01
-5.250000000000000222e-01
-2.999999999999999889e-02
-1.239999999999999991e-01
-2.129999999999999949e-01
5.310000000000000275e-01
5.899999999999999689e-01
6.919999999999999485e-01
3.519999999999999796e-01
-1.030000000000000027e+00
4.159999999999999809e-01
-9.099999999999999756e-02
3.760000000000000009e-01
-6.600000000000000311e-02
6.420000000000000151e-01
-6.520000000000000240e-01
7.970000000000000417e-01
-1.338999999999999968e+00
-1.941000000000000059e+00
-7.479999999999999982e-01
-2.220000000000000029e-01
8.409999999999999698e-01
2.500000000000000000e-01
4.809999999999999831e-01
3.900000000000000133e-01
-2.866000000000000103e+00
-9.589999999999999636e-01
-1.137000000000000011e+00
7.199999999999999734e-01
-1.266999999999999904e+00
-2.476999999999999869e+00
-6.400000000000000133e-02
2.500000000000000139e-02
8.129999999999999449e-01
1.048999999999999932e+00
7.319999999999999840e-01
7.209999999999999742e-01
9.070000000000000284e-01
-1.512000000000000011e+00
-1.485999999999999988e+00
-8.689999999999999947e-01
-4.889999999999999902e-01
7.720000000000000195e-01
-2.700000000000000178e-01
-5.799999999999999600e-01
-1.588000000000000078e+00
-5.829999999999999627e-01
8.980000000000000204e-01
-6.099999999999999867e-01
-1.199000000000000066e+00
-1.110000000000000014e-01
-3.850000000000000089e-01
1.203000000000000069e+00
-9.170000000000000373e-01
-8.539999999999999813e-01
-1.286999999999999922e+00
-2.020000000000000129e-01
-9.140000000000000346e-01
-2.297000000000000153e+00
4.450000000000000067e-01
-4.550000000000000155e-01
-3.619999999999999885e-01
8.970000000000000195e-01
-1.249000000000000110e+00
-1.540000000000000036e+00
2.254999999999999893e+00
3.569999999999999840e-01
-8.780000000000000027e-01
-1.299999999999999940e-02
-1.330000000000000071e-01
-9.130000000000000338e-01
-7.039999999999999591e-01
5.649999999999999467e-01
4.239999999999999880e-01
-2.330000000000000127e-01
6.480000000000000204e-01
-9.330000000000000515e-01
-1.197999999999999954e+00
-2.285000000000000142e+00
-3.220000000000000084e-01
7.199999999999999456e-02
-1.116999999999999993e+00
1.197999999999999954e+00
1.231000000000000094e+00
-1.231000000000000094e+00
-1.130000000000000032e-01
-3.890000000000000124e-01
2.760000000000000231e-01
1.074000000000000066e+00
6.830000000000000515e-01
9.010000000000000231e-01
-5.699999999999999512e-01
-9.400000000000000022e-02
1.211000000000000076e+00
-1.092000000000000082e+00
-2.599999999999999881e-02
4.410000000000000031e-01
-9.370000000000000551e-01
1.195999999999999952e+00
1.147000000000000020e+00
8.750000000000000000e-01
-1.683000000000000052e+00
-1.409999999999999920e+00
9.669999999999999707e-01
1.709999999999999964e+00
1.330000000000000071e+00
-3.609999999999999876e-01
-1.012000000000000011e+00
-3.699999999999999956e-01
8.629999999999999893e-01
-2.220000000000000029e-01
1.340999999999999970e+00
1.213999999999999968e+00
-5.500000000000000028e-02
4.010000000000000231e-01
9.779999999999999805e-01
8.189999999999999503e-01
1.475999999999999979e+00
-3.539999999999999813e-01
7.550000000000000044e-01
-6.680000000000000382e-01
1.409999999999999865e-01
1.451000000000000068e+00
6.440000000000000169e-01
3.980000000000000204e-01
3.410000000000000253e-01
-8.699999999999999400e-02
-4.759999999999999787e-01
-1.789999999999999925e-01
-2.620000000000000107e-01
1.990000000000000102e-01
2.660000000000000142e-01
1.661000000000000032e+00
-1.987999999999999989e+00
1.910000000000000031e-01
-5.899999999999999689e-02
1.296999999999999931e+00
1.294000000000000039e+00
4.420000000000000040e-01
2.879999999999999782e-01
1.239999999999999991e-01
3.599999999999999728e-02
-6.199999999999999956e-01
-4.189999999999999836e-01
-1.961999999999999966e+00
-8.519999999999999796e-01
1.326999999999999957e+00
-2.399999999999999911e-01
1.247999999999999998e+00
1.203000000000000069e+00
9.469999999999999529e-01
1.572000000000000064e+00
2.190000000000000002e-01
-2.128000000000000114e+00
-4.849999999999999867e-01
-1.187000000000000055e+00
-3.980000000000000204e-01
-4.550000000000000155e-01
4.399999999999999745e-02
1.645999999999999908e+00
1.116000000000000103e+00
-9.809999999999999831e-01
9.969999999999999973e-01
1.360999999999999988e+00
-1.598000000000000087e+00
-1.449999999999999956e+00
3.210000000000000075e-01
-1.020999999999999908e+00
-8.200000000000000344e-02
-2.220000000000000029e-01
-3.350000000000000200e-01
-7.159999999999999698e-01
1.600000000000000033e-02
9.569999999999999618e-01
1.066000000000000059e+00
1.181999999999999940e+00
-6.540000000000000258e-01
8.169999999999999485e-01
2.419999999999999929e-01
3.029999999999999916e-01
1.020999999999999908e+00
-6.270000000000000018e-01
5.150000000000000133e-01
-2.217999999999999972e+00
-8.469999999999999751e-01
-3.340000000000000191e-01
1.354999999999999982e+00
-1.290000000000000036e-01
1.862999999999999989e+00
1.120000000000000023e-01
1.137999999999999901e+00
-2.660000000000000142e-01
-1.739999999999999880e-01
5.200000000000000178e-01
-9.609999999999999654e-01
-4.030000000000000249e-01
-4.540000000000000147e-01
-2.400000000000000050e-02
-4.680000000000000271e-01
-1.068000000000000060e+00
3.910000000000000142e-01
4.520000000000000129e-01
-2.690000000000000169e-01
-4.699999999999999734e-01
4.079999999999999738e-01
-1.348999999999999977e+00
2.274999999999999911e+00
4.279999999999999916e-01
-1.179999999999999938e-01
-1.290000000000000036e-01
1.799999999999999933e-01
-7.580000000000000071e-01
1.431999999999999940e+00
5.799999999999999600e-01
2.108000000000000096e+00
-1.258999999999999897e+00
-3.330000000000000182e-01
2.179999999999999993e-01
-1.809999999999999942e-01
-1.700000000000000122e-02
-4.849999999999999867e-01
-1.135999999999999899e+00
-3.240000000000000102e-01
-5.320000000000000284e-01
2.989999999999999880e-01
-3.689999999999999947e-01
1.959999999999999964e+00
-2.954000000000000181e+00
7.600000000000000089e-01
1.971999999999999975e+00
-2.299999999999999961e-02
-1.516000000000000014e+00
2.031000000000000139e+00
-1.665999999999999925e+00
1.241000000000000103e+00
2.012999999999999901e+00
-1.697999999999999954e+00
2.139999999999999958e-01
-1.780999999999999917e+00
-1.539999999999999980e-01
5.320000000000000284e-01
-1.209000000000000075e+00
1.980000000000000093e-01
-2.000999999999999890e+00
-1.375000000000000000e+00
-1.260000000000000009e-01
2.919999999999999818e-01
-2.400000000000000050e-02
-2.290000000000000036e+00
4.010000000000000231e-01
1.150000000000000050e-01
-1.635999999999999899e+00
2.790000000000000258e-01
-1.195000000000000062e+00
-1.304999999999999938e+00
-4.650000000000000244e-01
-3.899999999999999994e-02
-1.004999999999999893e+00
1.389000000000000012e+00
-1.264999999999999902e+00
1.338999999999999968e+00
-2.099999999999999922e-01
-1.139999999999999902e+00
-1.431999999999999940e+00
-1.241000000000000103e+00
8.229999999999999538e-01
-2.496999999999999886e+00
-3.539999999999999813e-01
-5.979999999999999760e-01
-1.328999999999999959e+00
1.556000000000000050e+00
-2.039999999999999869e-01
-6.600000000000000311e-01
6.169999999999999929e-01
1.286000000000000032e+00
-7.389999999999999902e-01
-4.700000000000000011e-02
-1.019999999999999934e-01
-5.100000000000000089e-01
8.669999999999999929e-01
7.439999999999999947e-01
-4.079999999999999738e-01
-3.990000000000000213e-01
1.441000000000000059e+00
2.024999999999999911e+00
4.540000000000000147e-01
4.229999999999999871e-01
-4.660000000000000253e-01
-1.469999999999999918e-01
-1.899999999999999953e-02
5.500000000000000444e-01
-6.450000000000000178e-01
6.460000000000000187e-01
-6.899999999999999467e-01
-8.000000000000000444e-01
-1.245999999999999996e+00
-2.600000000000000089e-01
1.739999999999999880e-01
-2.349999999999999867e-01
3.469999999999999751e-01
1.038000000000000034e+00
-1.400000000000000029e-02
-4.129999999999999782e-01
1.296000000000000041e+00
1.802999999999999936e+00
-6.700000000000000400e-02
3.719999999999999973e-01
1.980000000000000093e-01
6.260000000000000009e-01
7.269999999999999796e-01
4.060000000000000275e-01
5.060000000000000053e-01
-7.550000000000000044e-01
1.941999999999999948e+00
8.040000000000000480e-01
-1.690000000000000113e-01
1.723000000000000087e+00
-7.980000000000000426e-01
-1.852000000000000091e+00
5.889999999999999680e-01
1.161000000000000032e+00
8.279999999999999583e-01
2.197999999999999954e+00
-1.018000000000000016e+00
-1.100999999999999979e+00
5.839999999999999636e-01
-5.440000000000000391e-01
-6.059999999999999831e-01
7.970000000000000417e-01
-2.059999999999999887e-01
5.040000000000000036e-01
-1.779999999999999916e-01
1.310999999999999943e+00
-1.199999999999999956e-01
-1.840999999999999970e+00
2.129999999999999949e-01
8.459999999999999742e-01
-5.540000000000000480e-01
-1.512999999999999901e+00
5.110000000000000098e-01
1.749999999999999889e-01
-1.849999999999999978e-01
-1.999000000000000110e+00
1.980000000000000093e-01
1.945000000000000062e+00
-5.299999999999999850e-02
8.729999999999999982e-01
-1.012000000000000011e+00
-9.649999999999999689e-01
-1.700000000000000122e-02
8.890000000000000124e-01
5.220000000000000195e-01
-1.356999999999999984e+00
5.919999999999999707e-01
-2.697000000000000064e+00
1.237000000000000099e+00
1.700000000000000122e-01
-4.900000000000000189e-02
5.939999999999999725e-01
2.030000000000000138e-01
-6.400000000000000133e-01
1.330000000000000071e+00
3.343999999999999861e+00
-1.344000000000000083e+00
8.429999999999999716e-01
-1.391999999999999904e+00
8.760000000000000009e-01
-5.040000000000000036e-01
1.141000000000000014e+00
8.289999999999999591e-01
-4.159999999999999809e-01
-1.616000000000000103e+00
1.987999999999999989e+00
5.130000000000000115e-01
1.411000000000000032e+00
3.599999999999999867e-01
-1.774999999999999911e+00
1.213999999999999968e+00
5.620000000000000551e-01
3.430000000000000271e-01
-4.979999999999999982e-01
6.660000000000000364e-01
-8.999999999999999320e-03
-2.280000000000000082e-01
3.689999999999999947e-01
-7.799999999999999989e-02
3.099999999999999978e-01
-1.022000000000000020e+00
1.401999999999999913e+00
-2.169999999999999984e-01
-5.550000000000000488e-01
1.237999999999999989e+00
-2.508000000000000007e+00
2.959999999999999853e-01
-1.769999999999999907e-01
-1.660000000000000087e-01
-1.322999999999999954e+00
6.740000000000000435e-01
1.459999999999999964e+00
-1.799999999999999864e-02
6.909999999999999476e-01
-9.389999999999999458e-01
-6.770000000000000462e-01
-9.829999999999999849e-01
-3.250000000000000111e-01
-1.147999999999999909e+00
1.336999999999999966e+00
-1.799999999999999864e-02
-2.015000000000000124e+00
-2.059999999999999887e-01
-1.960000000000000075e-01
-1.366000000000000103e+00
-6.400000000000000133e-01
-5.580000000000000515e-01
6.350000000000000089e-01
7.530000000000000027e-01
8.319999999999999618e-01
5.739999999999999547e-01
8.900000000000000133e-01
