-1.829999999999999960e-01
4.779999999999999805e-01
-1.660000000000000087e-01
-8.139999999999999458e-01
9.559999999999999609e-01
1.633999999999999897e+00
-1.090000000000000080e+00
-7.029999999999999583e-01
7.299999999999999545e-02
3.350000000000000200e-01
1.151999999999999913e+00
9.200000000000000400e-01
1.538000000000000034e+00
5.759999999999999565e-01
-7.710000000000000187e-01
-1.193000000000000060e+00
2.190000000000000002e-01
1.187000000000000055e+00
1.165999999999999925e+00
-1.522000000000000020e+00
-5.610000000000000542e-01
-7.309999999999999831e-01
5.130000000000000115e-01
4.329999999999999960e-01
-1.116999999999999993e+00
-6.959999999999999520e-01
-1.917000000000000037e+00
-6.099999999999999867e-01
-1.717000000000000082e+00
9.050000000000000266e-01
1.112000000000000099e+00
-1.020000000000000018e+00
-6.380000000000000115e-01
-2.576000000000000068e+00
9.479999999999999538e-01
3.350000000000000200e-01
8.999999999999999667e-02
-7.289999999999999813e-01
-7.770000000000000240e-01
1.054000000000000048e+00
-1.026000000000000023e+00
-5.040000000000000036e-01
9.900000000000000466e-02
-8.219999999999999529e-01
1.260000000000000009e-01
-1.116999999999999993e+00
-1.276000000000000023e+00
2.900000000000000147e-02
9.679999999999999716e-01
7.860000000000000320e-01
2.310000000000000109e-01
-9.909999999999999920e-01
4.959999999999999964e-01
2.500000000000000139e-02
-5.000000000000000000e-01
1.497999999999999998e+00
-1.048000000000000043e+00
7.389999999999999902e-01
-2.357000000000000206e+00
1.340000000000000080e-01
1.439999999999999947e+00
-1.160000000000000059e-01
6.580000000000000293e-01
3.880000000000000115e-01
-1.125000000000000000e+00
-4.349999999999999978e-01
-3.310000000000000164e-01
-4.510000000000000120e-01
7.000000000000000666e-02
2.520000000000000018e-01
-8.000000000000000167e-03
1.512999999999999901e+00
-1.340999999999999970e+00
9.290000000000000480e-01
-5.210000000000000187e-01
1.143000000000000016e+00
1.262000000000000011e+00
-3.220000000000000084e-01
1.566999999999999948e+00
1.889000000000000012e+00
-1.092999999999999972e+00
2.610000000000000098e-01
5.719999999999999529e-01
-1.280000000000000027e-01
-3.180000000000000049e-01
-3.649999999999999911e-01
7.700000000000000178e-01
-1.469999999999999918e-01
-3.489999999999999769e-01
2.500000000000000000e-01
4.400000000000000022e-01
1.403000000000000025e+00
1.469999999999999918e-01
-8.000000000000000167e-02
8.169999999999999485e-01
6.490000000000000213e-01
1.747999999999999998e+00
-1.130000000000000032e-01
-5.130000000000000115e-01
1.671000000000000041e+00
