1.671999999999999931e+00
-3.689999999999999947e-01
-3.119999999999999996e-01
5.300000000000000266e-01
1.729999999999999982e+00
-7.259999999999999787e-01
1.901999999999999913e+00
-6.909999999999999476e-01
-3.689999999999999947e-01
1.665999999999999925e+00
3.860000000000000098e-01
1.147000000000000020e+00
-1.869999999999999996e-01
-1.000999999999999890e+00
-1.159000000000000030e+00
-5.220000000000000195e-01
7.489999999999999991e-01
-1.691999999999999948e+00
9.679999999999999716e-01
1.118000000000000105e+00
1.568000000000000060e+00
4.000000000000000083e-02
-2.459999999999999964e-01
1.604000000000000092e+00
-7.349999999999999867e-01
-7.489999999999999991e-01
-3.549999999999999822e-01
4.060000000000000275e-01
-2.790000000000000258e-01
1.280000000000000027e-01
3.599999999999999728e-02
-1.739999999999999991e+00
1.284000000000000030e+00
-4.079999999999999738e-01
-1.000000000000000021e-02
2.330000000000000127e-01
1.000000000000000021e-03
-2.929999999999999827e-01
-8.299999999999999600e-01
6.250000000000000000e-01
2.620000000000000107e-01
2.021999999999999797e+00
4.769999999999999796e-01
-1.193000000000000060e+00
1.153000000000000025e+00
-5.999999999999999778e-02
1.475999999999999979e+00
-7.699999999999999900e-02
1.243999999999999995e+00
-5.200000000000000178e-01
2.857000000000000206e+00
1.239999999999999991e-01
-6.250000000000000000e-01
-1.000000000000000021e-03
6.800000000000000488e-02
5.800000000000000294e-02
4.069999999999999729e-01
4.299999999999999933e-01
9.859999999999999876e-01
-1.377000000000000002e+00
-1.689999999999999947e+00
4.540000000000000147e-01
9.210000000000000409e-01
9.659999999999999698e-01
9.180000000000000382e-01
1.880000000000000004e-01
-2.520000000000000018e-01
-1.252000000000000002e+00
8.300000000000000433e-02
9.849999999999999867e-01
5.700000000000000205e-02
2.139999999999999958e-01
-5.949999999999999734e-01
2.112000000000000099e+00
1.125000000000000000e+00
5.170000000000000151e-01
7.439999999999999947e-01
6.250000000000000000e-01
7.850000000000000311e-01
-1.308999999999999941e+00
1.769999999999999907e-01
8.519999999999999796e-01
1.875000000000000000e+00
-1.786999999999999922e+00
4.239999999999999880e-01
-7.810000000000000275e-01
-2.210000000000000020e-01
1.326999999999999957e+00
2.999999999999999889e-01
1.965999999999999970e+00
1.905000000000000027e+00
-1.167000000000000037e+00
-1.829999999999999960e-01
7.770000000000000240e-01
-2.869999999999999774e-01
1.211999999999999966e+00
-3.509999999999999787e-01
-6.199999999999999956e-01
-4.700000000000000011e-02
-4.109999999999999765e-01
1.200000000000000025e-02
1.165000000000000036e+00
-7.389999999999999902e-01
5.320000000000000284e-01
-1.112999999999999989e+00
3.330000000000000182e-01
-5.600000000000000117e-02
2.153000000000000025e+00
6.770000000000000462e-01
-1.663999999999999924e+00
-4.789999999999999813e-01
-1.324000000000000066e+00
1.685999999999999943e+00
1.213000000000000078e+00
-1.877000000000000002e+00
-7.169999999999999707e-01
8.750000000000000000e-01
3.320000000000000173e-01
-1.167000000000000037e+00
-9.489999999999999547e-01
4.749999999999999778e-01
-1.127000000000000002e+00
-5.420000000000000373e-01
-1.582000000000000073e+00
-9.260000000000000453e-01
1.200000000000000025e-02
7.349999999999999867e-01
-8.699999999999999400e-02
-4.109999999999999765e-01
6.989999999999999547e-01
-1.004999999999999893e+00
-1.433999999999999941e+00
-5.299999999999999850e-02
8.279999999999999583e-01
5.919999999999999707e-01
-7.009999999999999565e-01
3.170000000000000040e-01
1.203000000000000069e+00
1.707999999999999963e+00
5.400000000000000355e-01
-6.899999999999999467e-01
7.000000000000000666e-02
-1.040999999999999925e+00
1.348999999999999977e+00
7.770000000000000240e-01
-1.278999999999999915e+00
-1.221000000000000085e+00
4.390000000000000013e-01
-1.114999999999999991e+00
6.049999999999999822e-01
-4.109999999999999765e-01
-1.839999999999999969e-01
3.140000000000000013e-01
7.640000000000000124e-01
-1.306000000000000050e+00
5.200000000000000178e-01
-2.790000000000000258e-01
9.010000000000000231e-01
7.830000000000000293e-01
1.270000000000000018e-01
1.268000000000000016e+00
-1.366000000000000103e+00
-3.153999999999999915e+00
-7.740000000000000213e-01
2.939999999999999836e-01
9.439999999999999503e-01
1.171999999999999931e+00
8.799999999999999489e-02
4.620000000000000218e-01
1.169000000000000039e+00
-9.469999999999999529e-01
4.929999999999999938e-01
1.689999999999999947e+00
1.029999999999999943e-01
1.221000000000000085e+00
7.820000000000000284e-01
1.400000000000000029e-02
4.899999999999999911e-01
-1.079999999999999988e-01
1.750000000000000000e+00
-9.190000000000000391e-01
-1.130000000000000032e-01
3.529999999999999805e-01
-1.250000000000000000e+00
3.609999999999999876e-01
-5.919999999999999707e-01
8.589999999999999858e-01
-1.381999999999999895e+00
5.819999999999999618e-01
-1.506999999999999895e+00
2.620000000000000107e-01
-1.120000000000000107e+00
1.713000000000000078e+00
-3.880000000000000115e-01
2.800000000000000058e-02
-4.949999999999999956e-01
3.210000000000000075e-01
8.999999999999999667e-02
-1.576999999999999957e+00
1.141999999999999904e+00
1.602999999999999980e+00
1.241999999999999993e+00
1.300000000000000044e-01
3.569999999999999840e-01
5.070000000000000062e-01
1.602000000000000091e+00
-8.900000000000000133e-01
-4.100000000000000172e-02
-3.529999999999999805e-01
-4.839999999999999858e-01
7.039999999999999591e-01
1.379999999999999893e+00
7.149999999999999689e-01
-3.830000000000000071e-01
-7.479999999999999982e-01
2.109999999999999876e+00
1.272000000000000020e+00
-2.429999999999999938e-01
-5.290000000000000258e-01
-9.789999999999999813e-01
-1.931000000000000050e+00
-4.689999999999999725e-01
1.526000000000000023e+00
9.290000000000000480e-01
1.576999999999999957e+00
7.660000000000000142e-01
-1.469999999999999973e+00
-7.439999999999999947e-01
1.970000000000000084e-01
-3.850000000000000089e-01
-5.390000000000000346e-01
-1.630000000000000060e-01
-1.199999999999999956e+00
-4.859999999999999876e-01
-5.420000000000000373e-01
9.210000000000000409e-01
1.719999999999999862e-01
6.670000000000000373e-01
4.979999999999999982e-01
5.600000000000000533e-01
1.352999999999999980e+00
2.670000000000000151e-01
-2.869999999999999774e-01
-1.026999999999999913e+00
9.340000000000000524e-01
-2.879999999999999782e-01
1.320999999999999952e+00
9.600000000000000200e-02
3.709999999999999964e-01
-2.580000000000000071e+00
1.610000000000000042e-01
1.217999999999999972e+00
1.429000000000000048e+00
8.329999999999999627e-01
1.479999999999999927e-01
-2.299999999999999961e-02
-3.970000000000000195e-01
-9.919999999999999929e-01
5.100000000000000089e-01
-9.899999999999999911e-01
1.799999999999999933e-01
1.401999999999999913e+00
4.079999999999999738e-01
-1.539999999999999980e-01
-4.000000000000000083e-02
-3.500000000000000333e-02
-7.000000000000000146e-03
1.663000000000000034e+00
-5.290000000000000258e-01
-1.610000000000000042e-01
2.600000000000000089e-01
-8.000000000000000444e-01
-4.109999999999999765e-01
2.540000000000000036e-01
1.920000000000000040e-01
-5.659999999999999476e-01
2.149999999999999967e-01
9.749999999999999778e-01
4.369999999999999996e-01
-4.470000000000000084e-01
-1.965000000000000080e+00
5.510000000000000453e-01
8.899999999999999578e-02
-3.479999999999999760e-01
3.950000000000000178e-01
-1.046999999999999931e+00
1.114999999999999991e+00
-2.839999999999999858e+00
-1.917999999999999927e+00
1.012000000000000011e+00
-1.252999999999999892e+00
-1.667000000000000037e+00
-7.560000000000000053e-01
-1.193999999999999950e+00
-8.419999999999999707e-01
4.650000000000000244e-01
3.499999999999999778e-01
-8.509999999999999787e-01
2.439999999999999947e-01
-1.199999999999999956e+00
2.599999999999999881e-02
-7.900000000000000078e-02
-1.012000000000000011e+00
1.560000000000000053e+00
-4.359999999999999987e-01
8.900000000000000133e-01
-8.139999999999999458e-01
-1.014000000000000012e+00
5.260000000000000231e-01
-2.250000000000000056e-01
1.169999999999999929e+00
-6.760000000000000453e-01
-1.562999999999999945e+00
1.000000000000000021e-03
-1.243000000000000105e+00
1.789999999999999925e-01
1.729999999999999871e-01
-2.700000000000000178e-01
-1.346000000000000085e+00
-2.800000000000000266e-01
-5.380000000000000338e-01
-1.131999999999999895e+00
1.981000000000000094e+00
-9.250000000000000444e-01
-9.929999999999999938e-01
-9.929999999999999938e-01
-1.161000000000000032e+00
-6.410000000000000142e-01
-1.719999999999999862e-01
-9.819999999999999840e-01
1.018999999999999906e+00
3.890000000000000124e-01
-3.130000000000000004e-01
-3.350000000000000200e-01
8.790000000000000036e-01
-3.840000000000000080e-01
3.509999999999999787e-01
7.550000000000000044e-01
4.819999999999999840e-01
-1.229999999999999982e-01
2.399999999999999911e-01
-3.599999999999999867e-01
2.400000000000000050e-02
1.270000000000000018e-01
2.079999999999999905e-01
1.920000000000000040e-01
-0.000000000000000000e+00
-5.199999999999999761e-02
7.009999999999999565e-01
-9.729999999999999760e-01
1.520000000000000018e+00
-6.029999999999999805e-01
-7.429999999999999938e-01
1.179999999999999938e+00
6.109999999999999876e-01
-1.534000000000000030e+00
1.566000000000000059e+00
2.200000000000000011e-01
-2.706999999999999851e+00
5.330000000000000293e-01
1.014999999999999902e+00
-3.469999999999999751e-01
-3.599999999999999728e-02
9.010000000000000231e-01
3.140000000000000013e-01
2.039999999999999869e-01
-1.034999999999999920e+00
-4.889999999999999902e-01
1.399999999999999911e+00
-1.622999999999999998e+00
2.346999999999999975e+00
1.534999999999999920e+00
1.564000000000000057e+00
-3.109999999999999987e-01
1.877999999999999892e+00
-2.929999999999999827e-01
1.606999999999999984e+00
1.322999999999999954e+00
1.930000000000000049e-01
-3.549999999999999822e-01
-1.929999999999999938e+00
-8.429999999999999716e-01
7.850000000000000311e-01
3.039999999999999925e-01
-8.379999999999999671e-01
-6.400000000000000133e-01
-1.469999999999999918e-01
-2.900000000000000147e-02
-1.185999999999999943e+00
-1.231999999999999984e+00
1.235999999999999988e+00
6.380000000000000115e-01
-7.299999999999999822e-01
-1.068999999999999950e+00
-1.237000000000000099e+00
2.000000000000000111e-01
-6.540000000000000258e-01
5.899999999999999689e-01
-3.190000000000000058e-01
-6.680000000000000382e-01
4.470000000000000084e-01
-1.463000000000000078e+00
6.530000000000000249e-01
1.069999999999999979e-01
-1.379999999999999893e+00
3.659999999999999920e-01
-2.267999999999999794e+00
8.549999999999999822e-01
-6.290000000000000036e-01
-6.939999999999999503e-01
-2.479999999999999982e-01
1.963999999999999968e+00
-2.987000000000000099e+00
1.574999999999999956e+00
-1.453000000000000069e+00
9.499999999999999556e-01
-1.135999999999999899e+00
-1.653000000000000025e+00
1.308999999999999941e+00
-2.103000000000000203e+00
-1.183000000000000052e+00
1.957000000000000073e+00
1.923000000000000043e+00
5.929999999999999716e-01
-8.810000000000000053e-01
-9.270000000000000462e-01
1.741999999999999993e+00
6.999999999999999556e-01
-1.022000000000000020e+00
9.499999999999999556e-01
1.627000000000000002e+00
9.040000000000000258e-01
1.042000000000000037e+00
-2.889999999999999791e-01
8.319999999999999618e-01
1.094000000000000083e+00
-9.549999999999999600e-01
-8.289999999999999591e-01
1.270000000000000018e-01
7.129999999999999671e-01
-6.650000000000000355e-01
-7.139999999999999680e-01
-0.000000000000000000e+00
8.000000000000000167e-02
-1.010000000000000009e+00
-6.790000000000000480e-01
3.729999999999999982e-01
1.010000000000000064e-01
-3.719999999999999973e-01
1.681000000000000050e+00
-1.660000000000000087e-01
-8.110000000000000542e-01
-6.209999999999999964e-01
-1.383000000000000007e+00
-1.324999999999999956e+00
-2.059999999999999887e-01
-2.419000000000000039e+00
8.639999999999999902e-01
-1.312999999999999945e+00
2.500000000000000000e-01
3.160000000000000031e-01
1.219999999999999973e-01
-1.157999999999999918e+00
-1.453000000000000069e+00
1.366999999999999993e+00
2.059999999999999887e-01
-2.340000000000000135e-01
1.766999999999999904e+00
-6.189999999999999947e-01
1.069999999999999979e-01
8.289999999999999591e-01
-1.526999999999999913e+00
3.420000000000000262e-01
-7.860000000000000320e-01
8.439999999999999725e-01
-5.800000000000000294e-02
6.320000000000000062e-01
1.990000000000000102e-01
1.548000000000000043e+00
1.247000000000000108e+00
8.449999999999999734e-01
-5.979999999999999760e-01
4.670000000000000262e-01
-4.570000000000000173e-01
-1.181000000000000050e+00
3.649999999999999911e-01
1.582999999999999963e+00
4.560000000000000164e-01
-9.919999999999999929e-01
4.470000000000000084e-01
1.770999999999999908e+00
1.451999999999999957e+00
-3.739999999999999991e-01
-1.102000000000000091e+00
3.689999999999999947e-01
1.393000000000000016e+00
9.040000000000000258e-01
-1.493000000000000105e+00
4.390000000000000013e-01
-1.161000000000000032e+00
1.590000000000000080e+00
5.280000000000000249e-01
9.719999999999999751e-01
3.240000000000000102e-01
-4.540000000000000147e-01
-1.769999999999999907e-01
5.530000000000000471e-01
5.000000000000000104e-03
5.639999999999999458e-01
-5.629999999999999449e-01
6.149999999999999911e-01
3.459999999999999742e-01
6.710000000000000409e-01
-2.100000000000000130e-02
2.536999999999999922e+00
-4.199999999999999845e-01
-3.499999999999999778e-01
1.002000000000000002e+00
-1.143000000000000016e+00
-1.550999999999999934e+00
-1.677000000000000046e+00
1.499999999999999944e-01
-8.139999999999999458e-01
7.770000000000000240e-01
9.669999999999999707e-01
8.999999999999999667e-02
-9.230000000000000426e-01
-1.719999999999999862e-01
1.637000000000000011e+00
-2.909999999999999809e-01
5.080000000000000071e-01
-2.260000000000000064e-01
-1.875000000000000000e+00
4.359999999999999987e-01
8.000000000000000167e-02
1.721999999999999975e+00
2.909999999999999809e-01
1.419999999999999929e+00
-3.549999999999999822e-01
-1.308999999999999941e+00
1.058000000000000052e+00
3.563000000000000167e+00
4.410000000000000031e-01
9.280000000000000471e-01
-1.699000000000000066e+00
-5.050000000000000044e-01
-6.949999999999999512e-01
-9.679999999999999716e-01
4.060000000000000275e-01
1.197999999999999954e+00
-1.868000000000000105e+00
-9.959999999999999964e-01
-1.580000000000000016e-01
-1.068999999999999950e+00
-2.424999999999999822e+00
9.090000000000000302e-01
-5.699999999999999512e-01
-1.880000000000000004e-01
3.679999999999999938e-01
-1.102999999999999980e+00
-6.600000000000000311e-02
9.509999999999999565e-01
-4.590000000000000191e-01
-2.489999999999999991e-01
3.439999999999999725e-01
3.420000000000000262e-01
-7.680000000000000160e-01
-6.280000000000000027e-01
1.048999999999999932e+00
-1.549999999999999989e-01
-1.690000000000000113e-01
6.700000000000000400e-01
1.759999999999999898e-01
1.506999999999999895e+00
8.900000000000000133e-01
-7.339999999999999858e-01
1.000000000000000000e+00
3.500000000000000333e-02
8.149999999999999467e-01
-1.631999999999999895e+00
6.889999999999999458e-01
1.191000000000000059e+00
-1.643999999999999906e+00
-2.999999999999999889e-02
4.859999999999999876e-01
1.745000000000000107e+00
6.520000000000000240e-01
5.490000000000000435e-01
-1.145999999999999908e+00
4.229999999999999871e-01
-3.350000000000000200e-01
-9.469999999999999529e-01
1.670000000000000095e-01
1.286000000000000032e+00
4.879999999999999893e-01
-2.342999999999999972e+00
2.004999999999999893e+00
2.590000000000000080e-01
-3.760000000000000009e-01
4.239999999999999880e-01
-2.375999999999999890e+00
-1.135000000000000009e+00
-2.630000000000000115e-01
3.119999999999999996e-01
-3.539999999999999813e-01
-1.653999999999999915e+00
-2.969999999999999862e-01
-4.069999999999999729e-01
4.889999999999999902e-01
-1.068000000000000060e+00
1.799999999999999864e-02
-1.989999999999999991e+00
-1.990000000000000102e-01
3.390000000000000235e-01
7.960000000000000409e-01
1.029999999999999943e-01
2.210000000000000020e-01
-1.070000000000000062e+00
1.312999999999999945e+00
-3.300000000000000155e-01
8.169999999999999485e-01
1.332000000000000073e+00
-6.179999999999999938e-01
-1.000000000000000000e+00
2.660000000000000142e-01
-2.334999999999999964e+00
-1.201000000000000068e+00
-1.840999999999999970e+00
-1.457999999999999963e+00
4.139999999999999791e-01
1.822999999999999954e+00
-1.082999999999999963e+00
5.600000000000000117e-02
-4.909999999999999920e-01
-9.409999999999999476e-01
1.370000000000000107e-01
2.157999999999999918e+00
-1.677000000000000046e+00
-1.344999999999999973e+00
-9.649999999999999689e-01
9.379999999999999449e-01
1.407000000000000028e+00
-1.054000000000000048e+00
-1.060000000000000053e+00
-5.560000000000000497e-01
-9.090000000000000302e-01
5.979999999999999760e-01
-1.370999999999999996e+00
-7.309999999999999831e-01
-4.289999999999999925e-01
1.570000000000000007e-01
1.140000000000000041e-01
8.060000000000000497e-01
-1.039999999999999952e-01
-4.550000000000000155e-01
-9.509999999999999565e-01
1.052000000000000046e+00
-1.405999999999999917e+00
8.399999999999999689e-01
-9.090000000000000302e-01
-1.779999999999999916e-01
-7.169999999999999707e-01
-1.943999999999999950e+00
-1.034999999999999920e+00
2.900999999999999801e+00
-1.231999999999999984e+00
-2.859999999999999765e-01
1.161000000000000032e+00
1.050999999999999934e+00
6.900000000000000577e-02
7.059999999999999609e-01
1.296999999999999931e+00
-7.019999999999999574e-01
1.693000000000000060e+00
8.500000000000000611e-02
-3.420000000000000262e-01
8.830000000000000071e-01
2.680000000000000160e-01
4.580000000000000182e-01
5.600000000000000117e-02
9.280000000000000471e-01
-1.500000000000000000e+00
4.309999999999999942e-01
9.340000000000000524e-01
-1.068000000000000060e+00
-5.320000000000000284e-01
7.099999999999999645e-01
-4.089999999999999747e-01
1.342999999999999972e+00
5.430000000000000382e-01
-3.430000000000000271e-01
-1.377000000000000002e+00
-4.050000000000000266e-01
-8.830000000000000071e-01
-2.810000000000000275e-01
-4.809999999999999831e-01
-1.540000000000000036e+00
-1.602000000000000091e+00
-1.129999999999999893e+00
2.371999999999999886e+00
-1.590000000000000024e-01
-6.760000000000000453e-01
4.259999999999999898e-01
-2.710000000000000187e-01
-1.231000000000000094e+00
-1.961999999999999966e+00
-1.933999999999999941e+00
1.710000000000000131e-01
4.359999999999999987e-01
6.390000000000000124e-01
-4.199999999999999845e-01
1.387000000000000011e+00
-5.649999999999999467e-01
6.900000000000000577e-02
4.390000000000000013e-01
-4.979999999999999982e-01
-8.229999999999999538e-01
1.237000000000000099e+00
5.260000000000000231e-01
-1.137000000000000011e+00
-6.189999999999999947e-01
-7.439999999999999947e-01
9.959999999999999964e-01
-1.059999999999999970e-01
9.809999999999999831e-01
-5.330000000000000293e-01
5.749999999999999556e-01
1.284000000000000030e+00
-4.380000000000000004e-01
3.549999999999999822e-01
4.199999999999999845e-01
1.002000000000000002e+00
1.651999999999999913e+00
1.584999999999999964e+00
1.983999999999999986e+00
-2.139999999999999958e-01
-2.387999999999999901e+00
2.588999999999999968e+00
-1.368999999999999995e+00
2.049999999999999878e-01
3.190000000000000058e-01
1.336000000000000076e+00
-1.390000000000000124e-01
4.030000000000000249e-01
1.362999999999999989e+00
4.100000000000000172e-02
-1.169000000000000039e+00
9.929999999999999938e-01
-3.350000000000000200e-01
2.730000000000000204e-01
-2.251999999999999780e+00
-4.769999999999999796e-01
9.839999999999999858e-01
-2.099999999999999922e-01
-2.300000000000000100e-01
-5.679999999999999494e-01
-2.979999999999999871e-01
-7.620000000000000107e-01
7.409999999999999920e-01
-2.149000000000000021e+00
7.119999999999999662e-01
-9.210000000000000409e-01
2.650000000000000133e-01
-3.559999999999999831e-01
-6.700000000000000400e-01
-1.550000000000000044e+00
-1.461000000000000076e+00
1.828000000000000069e+00
-2.669999999999999929e+00
-1.586999999999999966e+00
-1.680000000000000104e-01
-2.221999999999999975e+00
1.042999999999999927e+00
6.870000000000000551e-01
-2.500000000000000139e-02
1.719999999999999862e-01
4.299999999999999656e-02
2.057999999999999829e+00
4.869999999999999885e-01
1.695000000000000062e+00
1.471000000000000085e+00
-5.649999999999999467e-01
-1.923999999999999932e+00
-1.715999999999999970e+00
-6.149999999999999911e-01
-1.219999999999999973e-01
1.059999999999999970e-01
-1.127000000000000002e+00
-3.780000000000000027e-01
-8.419999999999999707e-01
-2.612999999999999989e+00
3.109999999999999987e-01
5.919999999999999707e-01
-7.840000000000000302e-01
-3.669999999999999929e-01
-7.189999999999999725e-01
-5.999999999999999778e-01
2.290000000000000091e-01
-4.199999999999999845e-01
-1.383999999999999897e+00
-1.310999999999999943e+00
-1.199999999999999956e+00
5.869999999999999662e-01
-4.470000000000000084e-01
-9.919999999999999929e-01
3.800000000000000044e-01
4.100000000000000172e-02
-1.346000000000000085e+00
-3.390000000000000235e-01
5.500000000000000028e-02
2.858000000000000096e+00
4.020000000000000240e-01
1.268999999999999906e+00
-1.556000000000000050e+00
-8.699999999999999400e-02
-9.400000000000000022e-02
-1.959000000000000075e+00
-5.869999999999999662e-01
1.685999999999999943e+00
2.084999999999999964e+00
-2.093999999999999861e+00
-2.363999999999999879e+00
-5.230000000000000204e-01
-1.469999999999999918e-01
7.990000000000000435e-01
-1.336999999999999966e+00
1.546999999999999931e+00
6.129999999999999893e-01
6.810000000000000497e-01
-2.680000000000000160e-01
-4.309999999999999942e-01
1.469999999999999973e+00
-6.009999999999999787e-01
-9.020000000000000240e-01
-7.870000000000000329e-01
1.957000000000000073e+00
3.729999999999999982e-01
-2.630000000000000115e-01
6.720000000000000417e-01
1.683000000000000052e+00
-7.520000000000000018e-01
7.800000000000000266e-01
-5.099999999999999672e-02
-5.520000000000000462e-01
1.403999999999999915e+00
2.064000000000000057e+00
8.899999999999999578e-02
1.383000000000000007e+00
-8.110000000000000542e-01
1.125000000000000000e+00
8.679999999999999938e-01
1.280999999999999917e+00
-3.059999999999999942e-01
8.439999999999999725e-01
-1.439999999999999891e-01
5.380000000000000338e-01
-1.084999999999999964e+00
8.389999999999999680e-01
-5.150000000000000133e-01
1.116000000000000103e+00
-1.586000000000000076e+00
4.010000000000000231e-01
-8.899999999999999578e-02
-9.769999999999999796e-01
-9.190000000000000391e-01
1.179999999999999938e-01
7.379999999999999893e-01
1.250000000000000000e-01
1.769999999999999907e-01
1.423999999999999932e+00
7.720000000000000195e-01
-5.320000000000000284e-01
-8.790000000000000036e-01
-4.599999999999999922e-02
-2.230000000000000038e-01
1.282000000000000028e+00
5.689999999999999503e-01
8.400000000000000522e-02
-6.189999999999999947e-01
-1.100000000000000089e+00
-1.650000000000000078e-01
-3.260000000000000120e-01
-7.199999999999999456e-02
-8.400000000000000522e-02
-1.239999999999999991e-01
-1.549999999999999989e-01
-2.710000000000000187e-01
-3.529999999999999805e-01
1.497999999999999998e+00
-1.419999999999999873e-01
9.900000000000000466e-02
9.469999999999999529e-01
-5.260000000000000231e-01
3.260000000000000120e-01
-1.864999999999999991e+00
2.350000000000000089e+00
-1.544000000000000039e+00
-1.104999999999999982e+00
4.259999999999999898e-01
4.089999999999999747e-01
7.830000000000000293e-01
-1.483999999999999986e+00
-9.679999999999999716e-01
-1.112000000000000099e+00
-1.900000000000000022e-01
-1.409999999999999865e-01
1.400000000000000029e-02
1.219999999999999973e+00
-8.820000000000000062e-01
-1.469999999999999918e-01
-7.359999999999999876e-01
1.160000000000000059e-01
-3.280000000000000138e-01
1.455000000000000071e+00
1.717999999999999972e+00
1.723000000000000087e+00
4.889999999999999902e-01
-2.488999999999999879e+00
-8.770000000000000018e-01
-8.279999999999999583e-01
-1.550000000000000044e+00
-7.940000000000000391e-01
-1.759999999999999898e-01
1.764999999999999902e+00
1.102999999999999980e+00
-1.104999999999999982e+00
1.508999999999999897e+00
1.487999999999999989e+00
1.710000000000000131e-01
-2.000000000000000042e-03
-9.800000000000000377e-02
2.907000000000000028e+00
3.210000000000000075e-01
1.004999999999999893e+00
2.959999999999999853e-01
1.400000000000000133e-01
-6.029999999999999805e-01
-6.550000000000000266e-01
-3.599999999999999728e-02
1.883000000000000007e+00
-1.235999999999999988e+00
-5.410000000000000364e-01
1.479999999999999982e+00
-3.659999999999999920e-01
-2.740000000000000213e-01
6.049999999999999822e-01
-4.719999999999999751e-01
-2.720000000000000195e-01
1.038999999999999924e+00
-6.979999999999999538e-01
-1.839999999999999969e-01
-8.050000000000000488e-01
-1.200000000000000025e-02
1.899000000000000021e+00
5.000000000000000104e-03
2.829999999999999738e-01
1.118999999999999995e+00
-1.106000000000000094e+00
6.350000000000000089e-01
4.109999999999999765e-01
-1.135000000000000009e+00
1.110000000000000014e-01
-3.609999999999999876e-01
4.010000000000000231e-01
1.782000000000000028e+00
1.683000000000000052e+00
8.729999999999999982e-01
-1.789999999999999925e-01
-7.610000000000000098e-01
5.580000000000000515e-01
2.310000000000000053e+00
-1.217000000000000082e+00
-6.899999999999999467e-01
3.629999999999999893e-01
8.459999999999999742e-01
-2.109999999999999931e-01
-9.250000000000000444e-01
-1.177000000000000046e+00
-9.180000000000000382e-01
3.150000000000000022e-01
-3.330000000000000182e-01
-5.220000000000000195e-01
1.580000000000000016e-01
2.144000000000000128e+00
2.280000000000000082e-01
-1.029999999999999943e-01
8.090000000000000524e-01
4.959999999999999964e-01
2.230000000000000038e-01
-4.520000000000000129e-01
1.099999999999999936e-02
-9.220000000000000417e-01
1.310000000000000053e-01
4.809999999999999831e-01
-1.088999999999999968e+00
1.959000000000000075e+00
-1.983999999999999986e+00
-1.054000000000000048e+00
1.687999999999999945e+00
1.403000000000000025e+00
