1.058999999999999941e+00
1.211000000000000076e+00
2.394000000000000128e+00
-7.429999999999999938e-01
-2.032000000000000028e+00
-2.342000000000000082e+00
-1.270999999999999908e+00
3.619999999999999885e-01
1.026999999999999913e+00
5.999999999999999778e-01
-1.099999999999999936e-02
-2.568000000000000060e+00
-2.690000000000000169e-01
3.290000000000000147e-01
4.169999999999999818e-01
-2.299999999999999961e-02
1.116999999999999993e+00
3.420000000000000262e-01
-8.509999999999999787e-01
3.970000000000000195e-01
1.469999999999999918e-01
-6.730000000000000426e-01
-5.899999999999999689e-02
-1.842000000000000082e+00
1.372999999999999998e+00
-1.116999999999999993e+00
-2.109999999999999931e-01
-2.246999999999999886e+00
7.129999999999999671e-01
-1.810000000000000053e+00
1.991000000000000103e+00
1.606000000000000094e+00
3.130000000000000004e-01
1.000000000000000021e-02
8.999999999999999320e-03
1.707000000000000073e+00
8.709999999999999964e-01
-1.069999999999999979e-01
-1.852999999999999980e+00
2.169999999999999929e+00
-1.370999999999999996e+00
-1.288999999999999924e+00
-5.250000000000000222e-01
5.540000000000000480e-01
-6.780000000000000471e-01
1.314000000000000057e+00
-9.199999999999999845e-02
2.354000000000000092e+00
-3.780000000000000027e-01
-3.659999999999999920e-01
1.332000000000000073e+00
-1.499999999999999944e-01
-1.133999999999999897e+00
-1.096999999999999975e+00
-1.306999999999999940e+00
5.969999999999999751e-01
1.691000000000000059e+00
-1.179999999999999938e+00
-3.210000000000000075e-01
1.770000000000000018e+00
8.970000000000000195e-01
2.889999999999999791e-01
5.819999999999999618e-01
-4.809999999999999831e-01
-1.004999999999999893e+00
-1.423000000000000043e+00
-1.229999999999999982e-01
-1.209000000000000075e+00
-6.580000000000000293e-01
7.560000000000000053e-01
-2.931999999999999940e+00
-2.139999999999999958e-01
-6.250000000000000000e-01
2.430000000000000160e+00
2.869999999999999774e-01
8.020000000000000462e-01
1.354000000000000092e+00
3.549999999999999822e-01
2.750000000000000222e-01
-5.800000000000000294e-02
-5.050000000000000044e-01
2.310000000000000109e-01
-6.139999999999999902e-01
2.299999999999999961e-02
-3.750000000000000000e-01
2.228000000000000203e+00
-5.500000000000000028e-02
-1.284000000000000030e+00
-3.840000000000000080e-01
2.139999999999999958e-01
9.409999999999999476e-01
5.140000000000000124e-01
4.089999999999999747e-01
-2.530000000000000027e-01
-1.381999999999999895e+00
-2.041999999999999815e+00
-2.810000000000000275e-01
1.673999999999999932e+00
-1.502999999999999892e+00
1.340000000000000080e-01
