1.538999999999999924e+00
6.480000000000000204e-01
-4.089999999999999747e-01
1.000000000000000000e+00
-5.260000000000000231e-01
7.169999999999999707e-01
4.919999999999999929e-01
-1.403000000000000025e+00
-1.141000000000000014e+00
7.720000000000000195e-01
1.122000000000000108e+00
-6.490000000000000213e-01
-6.009999999999999787e-01
7.279999999999999805e-01
6.610000000000000320e-01
-5.210000000000000187e-01
-1.118000000000000105e+00
-1.089999999999999997e-01
1.058000000000000052e+00
1.082999999999999963e+00
-1.089999999999999997e-01
9.959999999999999964e-01
2.340000000000000135e-01
-2.020000000000000129e-01
-5.320000000000000284e-01
-1.048000000000000043e+00
7.219999999999999751e-01
1.195000000000000062e+00
-4.600000000000000200e-01
1.284999999999999920e+00
1.328999999999999959e+00
5.080000000000000071e-01
-2.949999999999999845e-01
1.495000000000000107e+00
-2.119999999999999940e-01
-1.400000000000000133e-01
8.489999999999999769e-01
1.229000000000000092e+00
-2.249000000000000110e+00
-4.030000000000000249e-01
-1.431000000000000050e+00
2.520000000000000018e-01
6.700000000000000400e-02
-2.576000000000000068e+00
-5.510000000000000453e-01
-2.392999999999999794e+00
-9.829999999999999849e-01
-1.098000000000000087e+00
-3.799999999999999906e-02
-1.709000000000000075e+00
-5.699999999999999512e-01
2.120999999999999996e+00
5.819999999999999618e-01
2.260000000000000064e-01
7.229999999999999760e-01
6.909999999999999476e-01
5.659999999999999476e-01
9.479999999999999538e-01
3.439999999999999725e-01
5.140000000000000124e-01
2.228000000000000203e+00
-4.410000000000000031e-01
-2.100000000000000130e-02
-2.280000000000000082e-01
1.769999999999999907e-01
1.029999999999999943e-01
-7.960000000000000409e-01
1.026999999999999913e+00
5.600000000000000533e-01
5.709999999999999520e-01
-1.554000000000000048e+00
-4.480000000000000093e-01
-7.980000000000000426e-01
1.292000000000000037e+00
1.693999999999999950e+00
-5.000000000000000104e-03
8.389999999999999680e-01
1.239000000000000101e+00
-2.000000000000000042e-02
-3.539999999999999813e-01
2.510000000000000009e-01
-3.800000000000000044e-01
-2.139999999999999958e-01
-1.931000000000000050e+00
1.048999999999999932e+00
-1.683000000000000052e+00
-1.221999999999999975e+00
-2.419999999999999929e-01
3.439999999999999725e-01
-1.602999999999999980e+00
3.180000000000000049e-01
1.713000000000000078e+00
-2.487000000000000099e+00
1.799999999999999933e-01
-1.084999999999999964e+00
7.920000000000000373e-01
3.599999999999999867e-01
1.413000000000000034e+00
-1.559999999999999998e-01
4.309999999999999942e-01
