7.700000000000000178e-01
-8.189999999999999503e-01
-1.076999999999999957e+00
-1.829999999999999960e-01
-3.599999999999999728e-02
3.900000000000000133e-01
6.690000000000000391e-01
1.491999999999999993e+00
1.747999999999999998e+00
-1.620999999999999996e+00
-6.400000000000000133e-02
-1.461000000000000076e+00
4.149999999999999800e-01
2.698999999999999844e+00
6.099999999999999867e-01
-1.622000000000000108e+00
-8.200000000000000344e-02
5.099999999999999672e-02
4.749999999999999778e-01
-6.520000000000000240e-01
9.509999999999999565e-01
-5.130000000000000115e-01
-1.645999999999999908e+00
-3.099999999999999978e-01
1.400000000000000133e-01
-2.560000000000000053e-01
7.229999999999999760e-01
-2.274999999999999911e+00
7.810000000000000275e-01
-7.630000000000000115e-01
2.710000000000000187e-01
1.457000000000000073e+00
6.770000000000000462e-01
1.566000000000000059e+00
-1.163999999999999924e+00
9.010000000000000231e-01
-1.187999999999999945e+00
-2.201000000000000068e+00
-5.140000000000000124e-01
5.120000000000000107e-01
7.840000000000000302e-01
-9.210000000000000409e-01
-3.109999999999999987e-01
2.859999999999999765e-01
3.739999999999999991e-01
1.006999999999999895e+00
2.210000000000000020e-01
-4.759999999999999787e-01
-5.299999999999999850e-02
-7.000000000000000146e-03
-6.590000000000000302e-01
1.219999999999999973e-01
6.310000000000000053e-01
-4.159999999999999809e-01
1.260000000000000009e+00
9.000000000000000222e-01
-8.760000000000000009e-01
1.717999999999999972e+00
-6.600000000000000311e-01
1.570000000000000007e-01
-4.630000000000000226e-01
-8.870000000000000107e-01
-3.980000000000000204e-01
-6.199999999999999956e-02
-1.016000000000000014e+00
-1.641999999999999904e+00
-1.336999999999999966e+00
-5.700000000000000205e-02
-1.048999999999999932e+00
2.660000000000000142e-01
2.353000000000000203e+00
2.363999999999999879e+00
1.368999999999999995e+00
4.819999999999999840e-01
-8.469999999999999751e-01
2.600000000000000089e-01
-4.229999999999999871e-01
-9.939999999999999947e-01
-1.059999999999999970e-01
-1.286999999999999922e+00
-5.100000000000000089e-01
-1.860000000000000098e+00
1.038999999999999924e+00
5.550000000000000488e-01
7.950000000000000400e-01
-7.510000000000000009e-01
1.215999999999999970e+00
8.080000000000000515e-01
3.960000000000000187e-01
3.350000000000000200e-01
-9.409999999999999476e-01
7.469999999999999973e-01
9.609999999999999654e-01
-1.540000000000000036e+00
7.279999999999999805e-01
4.500000000000000111e-01
-5.420000000000000373e-01
1.710000000000000131e-01
-1.354999999999999982e+00
-1.308000000000000052e+00
