1.344999999999999973e+00
-2.959999999999999853e-01
9.519999999999999574e-01
1.790999999999999925e+00
3.140000000000000013e-01
1.576000000000000068e+00
1.316000000000000059e+00
9.070000000000000284e-01
7.700000000000000178e-01
2.838000000000000078e+00
-1.002999999999999892e+00
-1.459999999999999964e+00
-9.050000000000000266e-01
5.100000000000000089e-01
2.025999999999999801e+00
-4.869999999999999885e-01
-1.927000000000000046e+00
6.590000000000000302e-01
6.179999999999999938e-01
-1.346000000000000085e+00
-1.400000000000000029e-02
5.999999999999999778e-02
3.599999999999999867e-01
1.749999999999999889e-01
-1.558000000000000052e+00
-6.700000000000000400e-01
-2.670000000000000151e-01
4.909999999999999920e-01
-1.000000000000000021e-02
-1.300000000000000044e+00
3.310000000000000164e-01
1.215999999999999970e+00
1.334000000000000075e+00
1.066000000000000059e+00
1.453999999999999959e+00
9.330000000000000515e-01
-1.701999999999999957e+00
-3.589999999999999858e-01
4.319999999999999951e-01
1.489999999999999936e-01
7.109999999999999654e-01
1.135999999999999899e+00
-1.703999999999999959e+00
-1.483000000000000096e+00
3.099999999999999978e-02
-1.429999999999999882e-01
-7.000000000000000146e-03
1.935000000000000053e+00
5.370000000000000329e-01
-1.159000000000000030e+00
1.661999999999999922e+00
8.529999999999999805e-01
-7.139999999999999680e-01
2.590000000000000080e-01
2.343999999999999861e+00
-8.129999999999999449e-01
-4.050000000000000266e-01
-6.919999999999999485e-01
-1.584999999999999964e+00
-1.528999999999999915e+00
-4.000000000000000222e-01
2.260000000000000064e-01
8.090000000000000524e-01
1.789999999999999925e-01
5.020000000000000018e-01
1.455000000000000071e+00
-2.660000000000000142e-01
-5.799999999999999600e-01
1.580000000000000016e-01
5.679999999999999494e-01
-1.191000000000000059e+00
1.028000000000000025e+00
7.259999999999999787e-01
1.000000000000000021e-02
-8.639999999999999902e-01
6.350000000000000089e-01
1.044999999999999929e+00
2.139999999999999958e-01
7.620000000000000107e-01
1.542999999999999927e+00
7.399999999999999911e-01
-1.700000000000000122e-02
-9.529999999999999583e-01
-1.548999999999999932e+00
1.887999999999999901e+00
-1.141000000000000014e+00
1.940000000000000058e-01
7.059999999999999609e-01
-1.799999999999999933e-01
3.810000000000000053e-01
1.862999999999999989e+00
4.299999999999999933e-01
-1.110999999999999988e+00
-2.138999999999999790e+00
9.290000000000000480e-01
1.187999999999999945e+00
-6.270000000000000018e-01
-4.979999999999999982e-01
1.399999999999999911e+00
3.599999999999999728e-02
