-4.809999999999999831e-01
3.370000000000000218e-01
-1.915999999999999925e+00
4.289999999999999925e-01
-2.179999999999999993e-01
-1.790999999999999925e+00
1.380000000000000115e-01
1.350000000000000089e-01
4.709999999999999742e-01
-4.359999999999999987e-01
3.180000000000000049e-01
-5.520000000000000462e-01
-5.310000000000000275e-01
6.879999999999999449e-01
-1.252999999999999892e+00
1.700000000000000122e-02
4.540000000000000147e-01
-4.979999999999999982e-01
3.499999999999999778e-01
7.680000000000000160e-01
3.130000000000000004e-01
-9.010000000000000231e-01
1.564999999999999947e+00
1.299999999999999940e-02
2.442000000000000171e+00
2.849999999999999756e-01
-6.630000000000000338e-01
2.963999999999999968e+00
-1.715999999999999970e+00
1.252999999999999892e+00
1.549999999999999989e-01
-4.129999999999999782e-01
-2.565999999999999837e+00
3.019999999999999907e-01
2.079999999999999905e-01
2.096999999999999975e+00
1.118999999999999995e+00
-7.219999999999999751e-01
2.760000000000000231e-01
-4.689999999999999725e-01
-6.800000000000000488e-01
-9.669999999999999707e-01
1.100999999999999979e+00
-2.431999999999999940e+00
-5.510000000000000453e-01
1.910000000000000031e-01
1.509999999999999953e-01
1.195000000000000062e+00
1.012999999999999901e+00
-7.799999999999999989e-02
1.000000000000000021e-03
1.340000000000000080e-01
6.400000000000000133e-02
8.899999999999999578e-02
-4.139999999999999791e-01
-3.290000000000000147e-01
-1.839999999999999969e-01
-9.859999999999999876e-01
7.309999999999999831e-01
8.850000000000000089e-01
9.689999999999999725e-01
-5.000000000000000000e-01
-3.539999999999999813e-01
1.229999999999999982e-01
9.379999999999999449e-01
4.480000000000000093e-01
1.006999999999999895e+00
-1.657000000000000028e+00
1.362000000000000099e+00
4.219999999999999862e-01
5.600000000000000117e-02
9.889999999999999902e-01
1.114000000000000101e+00
8.709999999999999964e-01
2.533999999999999808e+00
5.310000000000000275e-01
-3.099999999999999978e-01
-1.539999999999999980e-01
-2.489999999999999991e-01
2.770000000000000240e-01
-1.461999999999999966e+00
-4.490000000000000102e-01
-4.400000000000000022e-01
8.750000000000000000e-01
1.274000000000000021e+00
-7.670000000000000151e-01
3.009999999999999898e-01
7.699999999999999900e-02
-1.143000000000000016e+00
8.319999999999999618e-01
2.909999999999999809e-01
-5.580000000000000515e-01
-1.145999999999999908e+00
2.099999999999999922e-01
5.500000000000000028e-02
5.000000000000000104e-03
-3.890000000000000124e-01
-5.700000000000000205e-02
-8.609999999999999876e-01
-1.262999999999999901e+00
1.377999999999999892e+00
5.430000000000000382e-01
-5.570000000000000506e-01
-7.699999999999999900e-02
3.549999999999999822e-01
3.519999999999999796e-01
-2.770000000000000240e-01
-8.559999999999999831e-01
-7.299999999999999545e-02
-1.719999999999999862e-01
1.699000000000000066e+00
-4.339999999999999969e-01
-2.791999999999999815e+00
-7.369999999999999885e-01
-1.004999999999999893e+00
5.390000000000000346e-01
-1.130000000000000032e-01
-7.399999999999999634e-02
-2.000000000000000042e-02
1.131000000000000005e+00
1.034999999999999920e+00
-4.719999999999999751e-01
4.599999999999999922e-02
6.049999999999999822e-01
-2.590000000000000080e-01
-2.900000000000000147e-02
-7.059999999999999609e-01
-1.522999999999999909e+00
-2.829999999999999738e-01
-1.350000000000000089e-01
4.800000000000000100e-02
2.320000000000000118e-01
-6.700000000000000400e-02
7.309999999999999831e-01
1.407000000000000028e+00
-2.819999999999999729e-01
5.979999999999999760e-01
9.500000000000000111e-02
-5.649999999999999467e-01
2.323999999999999844e+00
2.010000000000000120e-01
1.290000000000000036e+00
1.177999999999999936e+00
5.470000000000000417e-01
1.280000000000000027e-01
-6.500000000000000222e-01
-4.520000000000000129e-01
-6.540000000000000258e-01
1.114000000000000101e+00
1.439999999999999891e-01
5.199999999999999761e-02
1.822999999999999954e+00
-2.469999999999999973e-01
1.869999999999999996e-01
8.679999999999999938e-01
-1.177999999999999936e+00
3.449999999999999734e-01
1.084999999999999964e+00
1.014000000000000012e+00
-1.500000000000000000e+00
-1.991000000000000103e+00
-2.999999999999999889e-02
1.342999999999999972e+00
-2.879999999999999782e-01
-3.970000000000000195e-01
5.700000000000000205e-02
1.219999999999999973e-01
1.534999999999999920e+00
-6.600000000000000311e-02
-1.072000000000000064e+00
-2.234999999999999876e+00
-1.090999999999999970e+00
3.880000000000000115e-01
3.007000000000000117e+00
1.002999999999999892e+00
-7.530000000000000027e-01
-2.489999999999999991e-01
-1.542999999999999927e+00
-1.167000000000000037e+00
-2.839999999999999747e-01
-1.979999999999999982e+00
4.550000000000000155e-01
8.639999999999999902e-01
-5.110000000000000098e-01
9.759999999999999787e-01
-3.200000000000000067e-02
-1.130000000000000032e-01
1.506999999999999895e+00
1.300000000000000044e-01
8.000000000000000167e-02
-4.430000000000000049e-01
1.209000000000000075e+00
5.779999999999999583e-01
-2.469999999999999973e-01
9.400000000000000022e-02
1.116000000000000103e+00
-2.949999999999999845e-01
2.680000000000000160e-01
3.899999999999999994e-02
-5.399999999999999939e-02
-3.180000000000000049e-01
1.026999999999999913e+00
4.729999999999999760e-01
1.445000000000000062e+00
-7.339999999999999858e-01
1.299999999999999940e-02
-6.109999999999999876e-01
-8.870000000000000107e-01
1.423999999999999932e+00
-1.959999999999999964e+00
1.385999999999999899e+00
4.299999999999999933e-01
6.889999999999999458e-01
-6.109999999999999876e-01
-2.159999999999999976e-01
-8.659999999999999920e-01
-1.417999999999999927e+00
-9.700000000000000289e-02
3.420000000000000262e-01
-5.460000000000000409e-01
-5.050000000000000044e-01
-3.250000000000000111e-01
1.070999999999999952e+00
7.429999999999999938e-01
5.440000000000000391e-01
-1.207000000000000073e+00
1.290000000000000036e-01
-5.779999999999999583e-01
-1.346000000000000085e+00
-3.619999999999999885e-01
-2.359999999999999876e-01
-3.140000000000000013e-01
-2.684000000000000163e+00
1.207000000000000073e+00
1.163999999999999924e+00
-4.550000000000000155e-01
-2.185999999999999943e+00
-5.040000000000000036e-01
-1.887000000000000011e+00
-1.080000000000000071e+00
-3.099999999999999978e-01
-1.028000000000000025e+00
5.500000000000000028e-02
6.250000000000000000e-01
-8.659999999999999920e-01
-1.756999999999999895e+00
-1.167999999999999927e+00
7.970000000000000417e-01
-3.810000000000000053e-01
-1.548000000000000043e+00
6.820000000000000506e-01
-1.179999999999999938e-01
-8.409999999999999698e-01
-1.066999999999999948e+00
1.274000000000000021e+00
1.380000000000000115e-01
8.539999999999999813e-01
-1.680000000000000104e-01
1.020999999999999908e+00
1.334999999999999964e+00
-1.818000000000000060e+00
-1.798000000000000043e+00
-1.869999999999999996e-01
1.929000000000000048e+00
-1.570000000000000062e+00
5.729999999999999538e-01
1.058999999999999941e+00
-6.540000000000000258e-01
-8.699999999999999956e-01
-1.729999999999999982e+00
-7.059999999999999609e-01
7.199999999999999456e-02
4.499999999999999833e-02
3.469999999999999751e-01
1.094999999999999973e+00
8.589999999999999858e-01
1.150000000000000050e-01
1.256000000000000005e+00
3.350000000000000200e-01
-1.049999999999999961e-01
5.819999999999999618e-01
-2.819999999999999729e-01
1.199999999999999956e-01
3.039999999999999925e-01
-9.190000000000000391e-01
3.800000000000000044e-01
-1.299999999999999940e-02
8.110000000000000542e-01
1.127000000000000002e+00
1.340000000000000080e-01
-1.104999999999999982e+00
7.169999999999999707e-01
-7.479999999999999982e-01
-3.400000000000000244e-02
2.294000000000000039e+00
1.022000000000000020e+00
3.370000000000000218e-01
-1.504000000000000004e+00
-1.794000000000000039e+00
-9.529999999999999583e-01
3.099999999999999978e-02
-4.050000000000000266e-01
1.727000000000000091e+00
3.160000000000000031e-01
2.033999999999999808e+00
2.520000000000000018e-01
1.584000000000000075e+00
5.180000000000000160e-01
1.100000000000000089e+00
5.370000000000000329e-01
-1.167000000000000037e+00
2.570000000000000062e-01
-1.669999999999999929e+00
8.850000000000000089e-01
1.187000000000000055e+00
-2.766000000000000014e+00
2.676000000000000156e+00
-1.419999999999999873e-01
-2.290000000000000091e-01
6.229999999999999982e-01
-1.239999999999999991e-01
-1.160000000000000059e-01
-5.110000000000000098e-01
-7.540000000000000036e-01
2.149999999999999967e-01
-5.540000000000000480e-01
6.109999999999999876e-01
1.890000000000000013e-01
-9.600000000000000200e-02
1.670000000000000095e-01
-7.199999999999999456e-02
9.050000000000000266e-01
-1.949000000000000066e+00
9.949999999999999956e-01
-5.170000000000000151e-01
-1.054999999999999938e+00
-1.010000000000000009e+00
5.300000000000000266e-01
7.309999999999999831e-01
-1.260000000000000009e-01
-5.899999999999999689e-02
-2.278999999999999915e+00
-1.650000000000000078e-01
2.049999999999999878e-01
5.360000000000000320e-01
-4.650000000000000244e-01
3.709999999999999964e-01
9.649999999999999689e-01
-1.829999999999999960e-01
2.306999999999999940e+00
5.220000000000000195e-01
2.474000000000000199e+00
-1.893000000000000016e+00
-1.322000000000000064e+00
6.800000000000000488e-02
7.489999999999999991e-01
1.829999999999999960e-01
6.740000000000000435e-01
-8.149999999999999467e-01
-6.330000000000000071e-01
-6.390000000000000124e-01
9.979999999999999982e-01
6.760000000000000453e-01
-1.140000000000000041e-01
1.610000000000000042e-01
-9.509999999999999565e-01
2.024999999999999911e+00
-1.499999999999999944e-01
-1.181999999999999940e+00
-1.334000000000000075e+00
-5.399999999999999939e-02
2.550000000000000044e-01
-7.419999999999999929e-01
6.280000000000000027e-01
-1.233999999999999986e+00
1.114000000000000101e+00
-4.390000000000000013e-01
6.059999999999999831e-01
-1.618999999999999995e+00
-1.852999999999999980e+00
-1.829999999999999960e-01
-1.052000000000000046e+00
1.239999999999999991e-01
1.276999999999999913e+00
2.030000000000000138e-01
3.320000000000000173e-01
-9.040000000000000258e-01
-2.899999999999999800e-01
-9.709999999999999742e-01
-4.499999999999999833e-02
8.930000000000000160e-01
-1.539999999999999980e-01
1.473000000000000087e+00
-1.590000000000000080e+00
3.950000000000000178e-01
1.518000000000000016e+00
-5.410000000000000364e-01
-5.360000000000000320e-01
-4.600000000000000200e-01
3.830000000000000071e-01
-1.040999999999999925e+00
-2.200000000000000011e-01
1.687999999999999945e+00
3.400000000000000244e-01
-1.241999999999999993e+00
-6.850000000000000533e-01
6.500000000000000222e-02
6.690000000000000391e-01
1.520000000000000018e+00
1.312999999999999945e+00
3.190000000000000058e-01
-6.400000000000000133e-01
8.519999999999999796e-01
2.900000000000000147e-02
4.919999999999999929e-01
2.800000000000000266e-01
1.675000000000000044e+00
7.039999999999999591e-01
5.110000000000000098e-01
1.453000000000000069e+00
-2.057999999999999829e+00
-3.449999999999999734e-01
-1.170000000000000068e-01
-8.219999999999999529e-01
-2.490000000000000213e+00
3.180000000000000049e-01
-8.499999999999999778e-01
-2.099999999999999922e-01
4.249999999999999889e-01
-4.729999999999999760e-01
3.589999999999999858e-01
1.089999999999999997e-01
3.900000000000000133e-01
6.900000000000000577e-02
-1.429999999999999882e-01
1.374000000000000110e+00
2.179999999999999993e-01
-1.387000000000000011e+00
-1.530999999999999917e+00
2.290000000000000091e-01
9.959999999999999964e-01
-6.500000000000000222e-01
1.465000000000000080e+00
7.700000000000000178e-01
2.399999999999999911e+00
6.069999999999999840e-01
-1.893000000000000016e+00
8.699999999999999400e-02
-2.570000000000000062e-01
1.059999999999999970e-01
-2.680000000000000160e-01
2.337000000000000188e+00
1.890000000000000013e-01
2.680000000000000160e-01
-2.125999999999999890e+00
-1.700000000000000122e-01
1.960000000000000075e-01
2.217000000000000082e+00
3.589999999999999858e-01
4.179999999999999827e-01
-1.368000000000000105e+00
-1.950000000000000067e-01
-1.272000000000000020e+00
-8.800000000000000044e-01
2.869999999999999774e-01
-7.319999999999999840e-01
-1.381000000000000005e+00
-1.153000000000000025e+00
9.549999999999999600e-01
6.199999999999999956e-02
8.739999999999999991e-01
2.250000000000000056e-01
1.413000000000000034e+00
7.399999999999999634e-02
-8.770000000000000018e-01
5.030000000000000027e-01
-1.504000000000000004e+00
-1.549999999999999989e-01
-1.546000000000000041e+00
7.299999999999999545e-02
1.002999999999999892e+00
-2.109999999999999931e-01
1.160000000000000059e-01
4.759999999999999787e-01
-7.000000000000000146e-03
4.680000000000000271e-01
-7.000000000000000146e-03
6.310000000000000053e-01
1.657999999999999918e+00
1.400000000000000133e-01
-2.439999999999999947e-01
-1.471000000000000085e+00
-4.719999999999999751e-01
2.800000000000000058e-02
1.650000000000000078e-01
4.759999999999999787e-01
-8.980000000000000204e-01
-1.431999999999999940e+00
2.710000000000000187e-01
2.123000000000000220e+00
-1.409999999999999865e-01
-5.050000000000000044e-01
1.625999999999999890e+00
-1.372999999999999998e+00
-8.169999999999999485e-01
-3.240000000000000102e-01
9.900000000000000466e-02
-1.810000000000000053e+00
-3.029999999999999916e-01
1.538999999999999924e+00
-4.200000000000000261e-02
-1.600000000000000033e-02
-6.640000000000000346e-01
-2.146999999999999797e+00
-1.116999999999999993e+00
-3.140000000000000013e-01
-7.449999999999999956e-01
-4.349999999999999978e-01
-5.310000000000000275e-01
-7.900000000000000078e-02
8.229999999999999538e-01
1.084000000000000075e+00
-1.502000000000000002e+00
1.649000000000000021e+00
7.449999999999999956e-01
-1.549999999999999989e-01
-1.112000000000000099e+00
-5.709999999999999520e-01
9.080000000000000293e-01
-3.699999999999999817e-02
-3.850000000000000089e-01
1.600999999999999979e+00
-8.060000000000000497e-01
-7.950000000000000400e-01
1.278999999999999915e+00
-1.092000000000000082e+00
-1.350000000000000089e-01
1.804000000000000048e+00
4.879999999999999893e-01
-5.220000000000000195e-01
-1.366000000000000103e+00
1.318999999999999950e+00
-7.399999999999999911e-01
-1.049999999999999961e-01
1.140000000000000041e-01
1.203999999999999959e+00
-1.256999999999999895e+00
-1.600000000000000033e-02
1.913000000000000034e+00
4.610000000000000209e-01
-3.529999999999999805e-01
7.049999999999999600e-01
-1.489999999999999936e-01
2.829999999999999738e-01
-2.141999999999999904e+00
2.000000000000000111e-01
-9.509999999999999565e-01
-1.368999999999999995e+00
-1.104999999999999982e+00
-2.064000000000000057e+00
-1.559999999999999998e-01
-1.195000000000000062e+00
4.400000000000000022e-01
1.413999999999999924e+00
1.163000000000000034e+00
7.399999999999999634e-02
6.909999999999999476e-01
-2.149999999999999967e-01
1.310000000000000053e-01
3.780000000000000027e-01
2.199999999999999872e-02
-1.276000000000000023e+00
3.729999999999999982e-01
-1.670000000000000095e-01
-1.209000000000000075e+00
-5.010000000000000009e-01
1.580000000000000016e-01
1.838999999999999968e+00
-1.086000000000000076e+00
1.034000000000000030e+00
1.487000000000000099e+00
1.872000000000000108e+00
-1.235999999999999988e+00
5.090000000000000080e-01
-1.897999999999999909e+00
3.599999999999999867e-01
1.106000000000000094e+00
1.076000000000000068e+00
2.620000000000000107e-01
-8.559999999999999831e-01
-2.424999999999999822e+00
-6.900000000000000577e-02
-5.030000000000000027e-01
7.820000000000000284e-01
-6.660000000000000364e-01
9.519999999999999574e-01
1.000000000000000021e-02
1.824000000000000066e+00
-9.300000000000000488e-01
1.502000000000000002e+00
-1.030999999999999917e+00
8.000000000000000167e-02
-6.149999999999999911e-01
2.399999999999999911e-01
7.419999999999999929e-01
-7.239999999999999769e-01
-5.809999999999999609e-01
-3.000000000000000062e-03
1.135999999999999899e+00
1.296999999999999931e+00
-1.879000000000000004e+00
3.200000000000000067e-02
1.189999999999999947e-01
2.000000000000000042e-02
4.249999999999999889e-01
2.210000000000000020e-01
7.950000000000000400e-01
1.308999999999999941e+00
6.330000000000000071e-01
-1.012999999999999901e+00
-1.393999999999999906e+00
1.559999999999999998e-01
-1.510000000000000009e+00
1.650000000000000078e-01
-6.089999999999999858e-01
-2.423999999999999932e+00
1.524000000000000021e+00
-7.439999999999999947e-01
-1.110000000000000014e-01
1.459999999999999909e-01
2.520000000000000018e-01
-2.245999999999999996e+00
-1.960000000000000075e-01
6.500000000000000222e-01
-2.859999999999999765e-01
4.149999999999999800e-01
9.779999999999999805e-01
1.880000000000000004e-01
-4.460000000000000075e-01
1.620000000000000051e-01
-1.459999999999999909e-01
-1.489999999999999936e-01
1.556000000000000050e+00
9.799999999999999822e-01
-1.360000000000000098e-01
-3.699999999999999956e-01
-1.582999999999999963e+00
-5.739999999999999547e-01
-1.798000000000000043e+00
-8.149999999999999467e-01
-7.039999999999999591e-01
1.029999999999999943e-01
9.579999999999999627e-01
-1.729999999999999982e+00
5.829999999999999627e-01
-9.350000000000000533e-01
4.339999999999999969e-01
7.069999999999999618e-01
3.500000000000000333e-02
1.937000000000000055e+00
3.049999999999999933e-01
2.300000000000000100e-01
-3.870000000000000107e-01
7.930000000000000382e-01
1.375999999999999890e+00
2.959999999999999853e-01
7.369999999999999885e-01
7.099999999999999367e-02
-8.770000000000000018e-01
7.780000000000000249e-01
9.000000000000000222e-01
1.529999999999999971e-01
-2.660000000000000142e-01
2.500000000000000139e-02
-8.970000000000000195e-01
5.400000000000000355e-01
6.340000000000000080e-01
-4.380000000000000004e-01
3.340000000000000191e-01
1.885999999999999899e+00
-2.892999999999999794e+00
-3.659999999999999920e-01
-6.199999999999999956e-01
5.390000000000000346e-01
1.024000000000000021e+00
1.590000000000000080e+00
2.089999999999999858e+00
7.970000000000000417e-01
-5.759999999999999565e-01
4.239999999999999880e-01
-1.963000000000000078e+00
-2.240000000000000047e-01
1.157999999999999918e+00
-9.429999999999999494e-01
2.069999999999999896e-01
7.770000000000000240e-01
1.239999999999999991e-01
1.397999999999999909e+00
-1.209999999999999964e+00
-2.020999999999999908e+00
-8.060000000000000497e-01
-1.010999999999999899e+00
1.116000000000000103e+00
6.750000000000000444e-01
4.800000000000000100e-02
3.009999999999999898e-01
1.453000000000000069e+00
1.945999999999999952e+00
1.397999999999999909e+00
5.600000000000000117e-02
2.119999999999999940e-01
-1.022999999999999909e+00
-4.430000000000000049e-01
-1.179999999999999938e+00
-4.610000000000000209e-01
8.899999999999999578e-02
1.300000000000000044e-01
-5.140000000000000124e-01
-1.568000000000000060e+00
4.259999999999999898e-01
7.720000000000000195e-01
5.819999999999999618e-01
6.680000000000000382e-01
4.219999999999999862e-01
-1.750000000000000000e+00
-5.299999999999999850e-02
-1.477000000000000091e+00
-8.400000000000000522e-02
-8.389999999999999680e-01
-8.139999999999999458e-01
8.840000000000000080e-01
-1.987000000000000099e+00
1.099999999999999936e-02
6.239999999999999991e-01
-1.342999999999999972e+00
-1.620000000000000051e-01
-3.780000000000000027e-01
-4.149999999999999800e-01
-1.699000000000000066e+00
-3.039999999999999925e-01
-1.719999999999999862e-01
6.500000000000000222e-01
1.880000000000000004e-01
1.160000000000000059e-01
-3.519999999999999796e-01
1.844000000000000083e+00
1.849999999999999978e-01
7.189999999999999725e-01
-9.889999999999999902e-01
-1.161000000000000032e+00
-5.230000000000000204e-01
8.729999999999999982e-01
-7.750000000000000222e-01
2.280000000000000082e-01
-1.209000000000000075e+00
1.070000000000000062e+00
-2.322000000000000064e+00
-9.300000000000000488e-01
-1.298000000000000043e+00
-4.799999999999999822e-01
-1.227000000000000091e+00
-1.160000000000000059e-01
7.920000000000000373e-01
-3.350000000000000200e-01
3.109999999999999987e-01
-5.450000000000000400e-01
1.381000000000000005e+00
1.338999999999999968e+00
2.849999999999999756e-01
5.779999999999999583e-01
-1.868999999999999995e+00
-1.262999999999999901e+00
-2.310000000000000109e-01
-3.200000000000000067e-02
7.199999999999999734e-01
-4.819999999999999840e-01
-9.600000000000000200e-02
-3.170000000000000040e-01
1.971999999999999975e+00
1.419999999999999929e+00
-9.100000000000000311e-01
8.750000000000000000e-01
-1.004999999999999893e+00
-5.050000000000000044e-01
-4.689999999999999725e-01
1.000000000000000021e-03
5.819999999999999618e-01
-7.069999999999999618e-01
2.355999999999999872e+00
1.400000000000000029e-02
1.019999999999999934e-01
-4.239999999999999880e-01
-2.161000000000000032e+00
-3.760000000000000009e-01
6.059999999999999831e-01
-5.080000000000000071e-01
2.780000000000000249e-01
1.143999999999999906e+00
1.320000000000000062e-01
1.405999999999999917e+00
-3.300000000000000155e-01
3.679999999999999938e-01
-1.469999999999999918e-01
-1.520000000000000018e+00
-2.419999999999999929e-01
-1.520000000000000018e+00
-1.868999999999999995e+00
9.419999999999999485e-01
6.520000000000000240e-01
-9.969999999999999973e-01
-1.447999999999999954e+00
8.500000000000000611e-02
2.342000000000000082e+00
9.310000000000000497e-01
1.092999999999999972e+00
-4.299999999999999656e-02
9.889999999999999902e-01
-1.040999999999999925e+00
4.299999999999999933e-01
9.070000000000000284e-01
-1.364999999999999991e+00
2.199999999999999872e-02
-1.737999999999999989e+00
1.530000000000000027e+00
6.560000000000000275e-01
1.889999999999999902e+00
-5.819999999999999618e-01
2.560000000000000053e-01
-1.179999999999999938e-01
-1.125000000000000000e+00
6.850000000000000533e-01
9.929999999999999938e-01
1.618999999999999995e+00
2.500000000000000139e-02
3.019999999999999907e-01
-4.450000000000000067e-01
7.019999999999999574e-01
-5.859999999999999654e-01
-4.219999999999999862e-01
1.362000000000000099e+00
-1.100000000000000006e-01
8.339999999999999636e-01
1.014999999999999902e+00
7.029999999999999583e-01
-9.519999999999999574e-01
-1.391000000000000014e+00
-2.030000000000000138e-01
8.519999999999999796e-01
-1.719999999999999862e-01
-1.588999999999999968e+00
-8.999999999999999320e-03
-7.930000000000000382e-01
1.957999999999999963e+00
3.549999999999999822e-01
-6.219999999999999973e-01
-4.369999999999999996e-01
1.375000000000000000e+00
1.179999999999999938e-01
7.610000000000000098e-01
5.919999999999999707e-01
3.089999999999999969e-01
-3.360000000000000209e-01
1.167000000000000037e+00
2.790000000000000258e-01
-1.600000000000000033e-02
-1.459999999999999964e+00
7.730000000000000204e-01
2.560000000000000053e-01
-1.449000000000000066e+00
-6.750000000000000444e-01
-2.261000000000000121e+00
-3.629999999999999893e-01
1.300000000000000044e-01
5.849999999999999645e-01
2.024999999999999911e+00
6.450000000000000178e-01
5.299999999999999850e-02
-7.630000000000000115e-01
-1.018999999999999906e+00
4.510000000000000120e-01
9.270000000000000462e-01
-8.139999999999999458e-01
1.163000000000000034e+00
6.900000000000000577e-02
-4.749999999999999778e-01
-1.401000000000000023e+00
1.671999999999999931e+00
-9.659999999999999698e-01
-1.163999999999999924e+00
1.506000000000000005e+00
3.029999999999999916e-01
-1.010000000000000064e-01
-4.339999999999999969e-01
-4.839999999999999858e-01
-1.548000000000000043e+00
7.720000000000000195e-01
2.232000000000000206e+00
-7.720000000000000195e-01
3.400000000000000244e-02
-3.679999999999999938e-01
1.110000000000000098e+00
6.239999999999999991e-01
6.400000000000000133e-02
-1.286999999999999922e+00
-1.010999999999999899e+00
-5.759999999999999565e-01
-2.012999999999999901e+00
1.925000000000000044e+00
-7.780000000000000249e-01
1.566999999999999948e+00
1.100000000000000006e-01
5.150000000000000133e-01
5.879999999999999671e-01
-7.850000000000000311e-01
8.940000000000000169e-01
-3.659999999999999920e-01
7.699999999999999900e-02
-7.469999999999999973e-01
-1.272000000000000020e+00
-1.818999999999999950e+00
-5.500000000000000028e-02
1.272000000000000020e+00
-8.739999999999999991e-01
-5.600000000000000117e-02
-7.009999999999999565e-01
-1.300000000000000044e+00
-5.080000000000000071e-01
1.187999999999999945e+00
-9.479999999999999538e-01
-1.366999999999999993e+00
-3.479999999999999760e-01
7.599999999999999811e-02
5.020000000000000018e-01
-1.491999999999999993e+00
-9.989999999999999991e-01
6.989999999999999547e-01
-1.340999999999999970e+00
-1.600000000000000033e-01
8.249999999999999556e-01
-2.049999999999999878e-01
-3.049999999999999933e-01
1.506000000000000005e+00
-1.650000000000000078e-01
1.205000000000000071e+00
-4.390000000000000013e-01
-9.989999999999999991e-01
-2.283999999999999808e+00
-1.606000000000000094e+00
-1.177000000000000046e+00
1.211999999999999966e+00
-4.069999999999999729e-01
1.852000000000000091e+00
-1.687000000000000055e+00
-2.232000000000000206e+00
-2.500000000000000000e+00
-2.662999999999999812e+00
-5.899999999999999689e-02
1.334000000000000075e+00
6.169999999999999929e-01
-4.069999999999999729e-01
-2.918000000000000149e+00
-8.309999999999999609e-01
-2.839999999999999747e-01
-5.470000000000000417e-01
1.048999999999999932e+00
-1.100000000000000006e-01
1.235999999999999988e+00
-1.108999999999999986e+00
2.259999999999999787e+00
-9.020000000000000240e-01
-1.322999999999999954e+00
1.089999999999999997e-01
-3.770000000000000018e-01
-4.430000000000000049e-01
-2.179999999999999993e-01
4.939999999999999947e-01
1.580999999999999961e+00
7.149999999999999689e-01
9.500000000000000111e-02
-1.814000000000000057e+00
4.279999999999999916e-01
-1.019999999999999934e-01
3.930000000000000160e-01
7.339999999999999858e-01
5.769999999999999574e-01
1.539999999999999980e-01
3.960000000000000187e-01
-1.155000000000000027e+00
1.980000000000000093e-01
-5.929999999999999716e-01
-1.215000000000000080e+00
1.651000000000000023e+00
7.920000000000000373e-01
2.500000000000000139e-02
4.109999999999999765e-01
-2.979999999999999871e-01
9.599999999999999645e-01
-1.554000000000000048e+00
-3.099999999999999978e-02
1.977999999999999980e+00
