2.386000000000000121e+00
-1.586999999999999966e+00
-9.400000000000000022e-02
-5.390000000000000346e-01
-6.640000000000000346e-01
-2.250000000000000000e+00
-7.089999999999999636e-01
5.220000000000000195e-01
8.030000000000000471e-01
-2.406000000000000139e+00
-3.220000000000000084e-01
1.068999999999999950e+00
5.779999999999999583e-01
-1.114999999999999991e+00
-6.899999999999999467e-01
-8.179999999999999494e-01
3.509999999999999787e-01
-2.057999999999999829e+00
-5.799999999999999600e-01
-4.040000000000000258e-01
4.490000000000000102e-01
-6.099999999999999867e-01
2.079999999999999905e-01
-6.600000000000000311e-02
1.254000000000000004e+00
-1.731999999999999984e+00
1.320000000000000062e-01
1.062000000000000055e+00
-1.225000000000000089e+00
3.200000000000000067e-02
-8.920000000000000151e-01
-1.161999999999999922e+00
-1.546999999999999931e+00
-8.770000000000000018e-01
1.058000000000000052e+00
4.380000000000000004e-01
8.239999999999999547e-01
7.079999999999999627e-01
-3.780000000000000027e-01
1.616999999999999993e+00
-4.129999999999999782e-01
3.870000000000000107e-01
-5.590000000000000524e-01
6.879999999999999449e-01
9.849999999999999867e-01
2.353000000000000203e+00
-3.950000000000000178e-01
-8.449999999999999734e-01
-1.695999999999999952e+00
-6.600000000000000311e-01
1.852000000000000091e+00
-2.194999999999999840e+00
9.479999999999999538e-01
-1.106000000000000094e+00
7.159999999999999698e-01
1.020000000000000018e+00
-2.673000000000000043e+00
5.520000000000000462e-01
-4.109999999999999765e-01
1.441000000000000059e+00
-1.481999999999999984e+00
-1.038999999999999924e+00
4.399999999999999745e-02
1.667000000000000037e+00
-3.300000000000000155e-01
1.221000000000000085e+00
7.900000000000000078e-02
-2.419999999999999929e-01
-1.649000000000000021e+00
4.000000000000000083e-02
1.320999999999999952e+00
-4.689999999999999725e-01
6.019999999999999796e-01
-8.529999999999999805e-01
2.319999999999999840e+00
-3.549999999999999822e-01
-1.600000000000000033e-02
1.970000000000000084e-01
1.608999999999999986e+00
-7.880000000000000338e-01
-2.337000000000000188e+00
6.179999999999999938e-01
1.546999999999999931e+00
-2.720000000000000195e-01
-1.910000000000000031e-01
-7.499999999999999722e-02
1.130000000000000032e-01
-4.369999999999999996e-01
-1.004000000000000004e+00
2.969999999999999862e-01
-6.879999999999999449e-01
1.299999999999999940e-02
9.689999999999999725e-01
-2.459999999999999964e-01
-8.199999999999999512e-01
-3.099999999999999978e-01
1.143000000000000016e+00
9.160000000000000364e-01
-2.479999999999999982e-01
-1.829999999999999960e-01
