1.899999999999999953e-02
4.909999999999999920e-01
-4.339999999999999969e-01
-8.930000000000000160e-01
-7.189999999999999725e-01
1.039999999999999952e-01
4.390000000000000013e-01
-7.750000000000000222e-01
-2.349999999999999867e-01
-7.049999999999999600e-01
8.189999999999999503e-01
-7.059999999999999609e-01
2.650000000000000133e-01
-1.449999999999999900e-01
-1.320000000000000062e+00
9.190000000000000391e-01
3.699999999999999817e-02
6.280000000000000027e-01
2.129999999999999949e-01
-4.989999999999999991e-01
1.181000000000000050e+00
4.440000000000000058e-01
-1.014000000000000012e+00
5.649999999999999467e-01
-9.739999999999999769e-01
-5.420000000000000373e-01
2.198999999999999844e+00
-1.177000000000000046e+00
6.039999999999999813e-01
1.459999999999999964e+00
-9.589999999999999636e-01
-9.180000000000000382e-01
-1.375999999999999890e+00
1.239000000000000101e+00
6.089999999999999858e-01
5.600000000000000533e-01
-1.320000000000000062e+00
1.038000000000000034e+00
3.039999999999999925e-01
3.499999999999999778e-01
-9.299999999999999933e-02
-1.859999999999999987e-01
2.949999999999999845e-01
3.079999999999999960e-01
-2.261000000000000121e+00
7.500000000000000000e-01
1.897999999999999909e+00
4.580000000000000182e-01
6.450000000000000178e-01
-2.621999999999999886e+00
-5.699999999999999512e-01
3.400000000000000244e-02
2.369999999999999885e-01
-3.609999999999999876e-01
2.409999999999999920e-01
3.300000000000000155e-02
2.740000000000000213e-01
1.380000000000000115e-01
2.369999999999999885e-01
8.509999999999999787e-01
1.200000000000000025e-02
5.669999999999999485e-01
-9.040000000000000258e-01
8.999999999999999667e-02
-5.150000000000000133e-01
-1.000000000000000021e-02
9.310000000000000497e-01
-8.970000000000000195e-01
7.079999999999999627e-01
-1.967000000000000082e+00
2.849999999999999756e-01
1.709000000000000075e+00
-1.122999999999999998e+00
-1.258000000000000007e+00
3.330000000000000182e-01
-8.970000000000000195e-01
-6.949999999999999512e-01
8.639999999999999902e-01
-3.280000000000000138e-01
5.060000000000000053e-01
-7.000000000000000666e-02
-1.631999999999999895e+00
8.960000000000000187e-01
-2.157999999999999918e+00
-4.339999999999999969e-01
-1.437999999999999945e+00
4.979999999999999982e-01
6.300000000000000044e-02
2.255999999999999783e+00
-4.200000000000000261e-02
2.030000000000000138e-01
-1.743999999999999995e+00
2.563000000000000167e+00
2.419000000000000039e+00
1.633999999999999897e+00
4.719999999999999751e-01
1.344999999999999973e+00
-3.910000000000000142e-01
-3.039999999999999925e-01
7.399999999999999911e-01
-2.959999999999999853e-01
-1.960000000000000075e-01
-3.500000000000000333e-02
5.000000000000000278e-02
-5.699999999999999512e-01
-3.069999999999999951e-01
3.009999999999999898e-01
1.320000000000000062e-01
2.665999999999999925e+00
-3.220000000000000084e-01
-2.889999999999999791e-01
3.729999999999999982e-01
-1.304000000000000048e+00
1.010000000000000064e-01
-5.669999999999999485e-01
-5.689999999999999503e-01
1.014000000000000012e+00
-1.229000000000000092e+00
1.592000000000000082e+00
8.699999999999999956e-01
3.119999999999999996e-01
4.259999999999999898e-01
9.030000000000000249e-01
4.939999999999999947e-01
1.328999999999999959e+00
1.026999999999999913e+00
-1.427000000000000046e+00
1.524000000000000021e+00
-1.310000000000000053e-01
-1.340000000000000080e-01
-1.719999999999999973e+00
3.459999999999999742e-01
-1.052000000000000046e+00
-6.330000000000000071e-01
-6.840000000000000524e-01
4.099999999999999756e-01
-1.370000000000000107e-01
-2.900000000000000147e-02
3.799999999999999906e-02
4.699999999999999734e-01
-2.830000000000000071e+00
1.459999999999999964e+00
-3.280000000000000138e-01
1.516999999999999904e+00
-6.580000000000000293e-01
9.230000000000000426e-01
-4.560000000000000164e-01
2.439999999999999947e-01
1.266999999999999904e+00
-6.009999999999999787e-01
5.380000000000000338e-01
1.881000000000000005e+00
-4.520000000000000129e-01
4.630000000000000226e-01
2.632000000000000117e+00
-6.900000000000000577e-02
-1.241000000000000103e+00
1.195000000000000062e+00
-6.560000000000000275e-01
1.546999999999999931e+00
3.049999999999999933e-01
-4.249999999999999889e-01
-6.019999999999999796e-01
-1.779999999999999916e-01
8.000000000000000167e-02
5.470000000000000417e-01
1.028999999999999915e+00
-2.700000000000000178e-01
-5.739999999999999547e-01
7.580000000000000071e-01
-1.729999999999999871e-01
-7.800000000000000266e-01
4.510000000000000120e-01
1.052000000000000046e+00
-5.430000000000000382e-01
-8.319999999999999618e-01
-2.459000000000000075e+00
-2.142999999999999794e+00
3.569999999999999840e-01
-9.280000000000000471e-01
-1.405000000000000027e+00
-8.299999999999999600e-01
1.600000000000000033e-01
1.020000000000000018e+00
1.125000000000000000e+00
-2.474000000000000199e+00
-7.580000000000000071e-01
-1.125999999999999890e+00
-1.866000000000000103e+00
7.279999999999999805e-01
5.889999999999999680e-01
-1.675000000000000044e+00
-1.419999999999999929e+00
3.739999999999999991e-01
-1.209999999999999964e-01
2.379999999999999893e-01
4.380000000000000004e-01
7.419999999999999929e-01
-9.869999999999999885e-01
-1.299999999999999940e-02
-1.794000000000000039e+00
7.409999999999999920e-01
1.129999999999999893e+00
4.540000000000000147e-01
2.200000000000000011e-01
-1.002999999999999892e+00
-9.409999999999999476e-01
7.369999999999999885e-01
-1.316999999999999948e+00
-1.600000000000000033e-02
-1.262000000000000011e+00
3.300000000000000155e-02
-1.372999999999999998e+00
1.039999999999999952e-01
5.719999999999999529e-01
5.120000000000000107e-01
1.469999999999999918e-01
-5.150000000000000133e-01
-8.569999999999999840e-01
-6.370000000000000107e-01
1.788999999999999924e+00
-5.899999999999999689e-02
2.760000000000000231e-01
1.789999999999999925e-01
6.520000000000000240e-01
8.229999999999999538e-01
-6.510000000000000231e-01
-1.160000000000000059e-01
-7.199999999999999456e-02
9.629999999999999671e-01
5.130000000000000115e-01
-1.425000000000000044e+00
4.680000000000000271e-01
-1.580000000000000071e+00
-6.830000000000000515e-01
-8.149999999999999467e-01
-1.280999999999999917e+00
-2.049999999999999878e-01
1.127999999999999892e+00
1.550000000000000044e+00
-2.240000000000000047e-01
7.640000000000000124e-01
-5.819999999999999618e-01
-1.120999999999999996e+00
1.012999999999999901e+00
6.320000000000000062e-01
1.600000000000000033e-01
7.469999999999999973e-01
1.149000000000000021e+00
1.499999999999999944e-02
-6.400000000000000133e-01
1.641000000000000014e+00
-3.930000000000000160e-01
1.630000000000000060e-01
6.290000000000000036e-01
-9.899999999999999911e-01
1.217999999999999972e+00
6.550000000000000266e-01
-6.740000000000000435e-01
-3.960000000000000187e-01
-1.489999999999999936e-01
-7.570000000000000062e-01
-2.760000000000000231e-01
-6.149999999999999911e-01
-1.346999999999999975e+00
-5.200000000000000178e-01
-1.193000000000000060e+00
9.949999999999999956e-01
2.270000000000000073e-01
-1.008999999999999897e+00
-1.219999999999999973e-01
4.390000000000000013e-01
-6.420000000000000151e-01
2.099999999999999922e-01
4.969999999999999973e-01
-1.016999999999999904e+00
-1.346000000000000085e+00
-5.290000000000000258e-01
1.816999999999999948e+00
1.762999999999999901e+00
3.709999999999999964e-01
1.570000000000000007e-01
1.417999999999999927e+00
1.068000000000000060e+00
-1.622000000000000108e+00
-5.399999999999999939e-02
1.975000000000000089e+00
9.739999999999999769e-01
-6.969999999999999529e-01
-1.970000000000000084e-01
6.600000000000000311e-02
9.600000000000000200e-02
-1.274999999999999911e+00
1.064000000000000057e+00
7.520000000000000018e-01
4.759999999999999787e-01
-2.929999999999999827e-01
-3.439999999999999725e-01
-3.150000000000000022e-01
5.010000000000000009e-01
8.489999999999999769e-01
-1.760000000000000009e+00
-6.159999999999999920e-01
-2.250000000000000056e-01
-1.516999999999999904e+00
2.680000000000000160e-01
3.499999999999999778e-01
-8.900000000000000133e-01
5.430000000000000382e-01
-3.910000000000000142e-01
1.110000000000000098e+00
1.372999999999999998e+00
-5.590000000000000524e-01
8.319999999999999618e-01
-7.540000000000000036e-01
-1.149000000000000021e+00
-2.999999999999999889e-02
-9.260000000000000453e-01
-4.499999999999999833e-02
-1.683000000000000052e+00
4.499999999999999833e-02
-1.828999999999999959e+00
1.080999999999999961e+00
2.800000000000000266e-01
-3.599999999999999867e-01
-4.699999999999999734e-01
4.010000000000000231e-01
1.213999999999999968e+00
5.000000000000000278e-02
1.500999999999999890e+00
4.949999999999999956e-01
9.779999999999999805e-01
2.770000000000000240e-01
2.400000000000000050e-02
-1.690000000000000113e-01
1.809999999999999942e-01
-9.479999999999999538e-01
1.280000000000000027e+00
1.147999999999999909e+00
-4.480000000000000093e-01
-1.227000000000000091e+00
-6.250000000000000000e-01
1.348000000000000087e+00
-8.860000000000000098e-01
-9.569999999999999618e-01
-5.240000000000000213e-01
8.930000000000000160e-01
2.190000000000000002e-01
5.360000000000000320e-01
4.630000000000000226e-01
4.759999999999999787e-01
-1.181000000000000050e+00
0.000000000000000000e+00
6.300000000000000044e-01
-2.068999999999999950e+00
-2.199999999999999872e-02
3.729999999999999982e-01
8.999999999999999667e-02
-2.439999999999999947e-01
-1.980000000000000093e-01
2.165000000000000036e+00
1.762999999999999901e+00
-1.967999999999999972e+00
2.257000000000000117e+00
1.650000000000000078e-01
-9.250000000000000444e-01
-1.721000000000000085e+00
-5.800000000000000294e-02
3.639999999999999902e-01
4.709999999999999742e-01
-3.270000000000000129e-01
-5.180000000000000160e-01
1.114999999999999991e+00
7.369999999999999885e-01
-1.247999999999999998e+00
8.120000000000000551e-01
8.300000000000000433e-02
-1.010000000000000009e+00
4.339999999999999969e-01
1.296000000000000041e+00
-2.459999999999999964e-01
3.330000000000000182e-01
-1.802000000000000046e+00
-4.269999999999999907e-01
-1.850000000000000089e+00
-5.899999999999999689e-02
-8.960000000000000187e-01
3.400000000000000244e-02
-1.080000000000000071e+00
1.400000000000000029e-02
7.820000000000000284e-01
6.139999999999999902e-01
1.225000000000000089e+00
1.010000000000000064e-01
1.631000000000000005e+00
1.137000000000000011e+00
2.075000000000000178e+00
6.290000000000000036e-01
-1.129999999999999893e+00
5.490000000000000435e-01
-5.020000000000000018e-01
1.280999999999999917e+00
-1.014999999999999902e+00
1.276999999999999913e+00
9.120000000000000329e-01
-7.660000000000000142e-01
3.130000000000000004e-01
-7.419999999999999929e-01
-1.516000000000000014e+00
-2.250000000000000056e-01
1.108999999999999986e+00
7.870000000000000329e-01
-1.231000000000000094e+00
1.534000000000000030e+00
6.780000000000000471e-01
6.350000000000000089e-01
-1.004999999999999893e+00
-1.141000000000000014e+00
1.360000000000000098e-01
-2.159999999999999976e-01
-2.159999999999999976e-01
-6.580000000000000293e-01
-2.580000000000000071e-01
-1.560999999999999943e+00
-8.289999999999999591e-01
-2.572000000000000064e+00
-3.064999999999999947e+00
-1.016999999999999904e+00
8.199999999999999512e-01
8.469999999999999751e-01
3.130000000000000004e-01
1.530999999999999917e+00
-1.580000000000000016e-01
-1.693000000000000060e+00
2.000000000000000042e-02
1.711000000000000076e+00
-5.380000000000000338e-01
3.200000000000000067e-01
-1.112000000000000099e+00
-4.000000000000000083e-02
8.739999999999999991e-01
4.060000000000000275e-01
-3.810000000000000053e-01
1.596999999999999975e+00
1.792000000000000037e+00
-1.930000000000000049e-01
1.294999999999999929e+00
1.368999999999999995e+00
-1.789999999999999925e-01
3.370000000000000218e-01
1.877000000000000002e+00
1.088000000000000078e+00
1.459999999999999909e-01
5.500000000000000444e-01
-6.530000000000000249e-01
7.760000000000000231e-01
3.790000000000000036e-01
2.039999999999999869e-01
9.679999999999999716e-01
-4.219999999999999862e-01
-3.699999999999999956e-01
9.859999999999999876e-01
2.349999999999999867e-01
2.120000000000000107e+00
-4.909999999999999920e-01
1.429999999999999938e+00
-1.354000000000000092e+00
-5.849999999999999645e-01
-1.469000000000000083e+00
6.730000000000000426e-01
-6.470000000000000195e-01
4.410000000000000031e-01
3.459999999999999742e-01
1.489999999999999936e-01
4.769999999999999796e-01
4.540000000000000147e-01
1.250999999999999890e+00
6.390000000000000124e-01
-6.029999999999999805e-01
-2.358999999999999986e+00
-9.140000000000000346e-01
3.019999999999999907e-01
-3.240000000000000102e-01
5.000000000000000104e-03
1.699000000000000066e+00
-3.870000000000000107e-01
8.719999999999999973e-01
2.260000000000000064e-01
-2.889999999999999791e-01
7.339999999999999858e-01
1.421999999999999931e+00
-2.210000000000000020e-01
8.810000000000000053e-01
2.400000000000000050e-02
-2.340000000000000135e-01
-9.900000000000000466e-02
3.760000000000000009e-01
1.721999999999999975e+00
-4.700000000000000011e-02
5.370000000000000329e-01
-4.169999999999999818e-01
-2.472999999999999865e+00
-5.380000000000000338e-01
7.179999999999999716e-01
6.949999999999999512e-01
-4.010000000000000231e-01
-9.260000000000000453e-01
-1.370000000000000107e+00
8.489999999999999769e-01
-1.122999999999999998e+00
-1.518999999999999906e+00
-7.890000000000000346e-01
3.410000000000000253e-01
-1.059999999999999970e-01
1.217000000000000082e+00
-1.229000000000000092e+00
1.657000000000000028e+00
6.109999999999999876e-01
1.550000000000000044e+00
5.989999999999999769e-01
-4.010000000000000231e-01
-1.903999999999999915e+00
-1.481999999999999984e+00
-8.349999999999999645e-01
-1.532999999999999918e+00
-7.810000000000000275e-01
-2.128000000000000114e+00
-9.500000000000000111e-02
2.559000000000000163e+00
-3.529999999999999805e-01
-6.700000000000000400e-01
-1.570000000000000007e-01
3.160000000000000031e-01
1.727999999999999980e+00
-1.177000000000000046e+00
1.655000000000000027e+00
-8.199999999999999512e-01
-2.149999999999999967e-01
1.927000000000000046e+00
3.629999999999999893e-01
1.743000000000000105e+00
-6.069999999999999840e-01
4.219999999999999862e-01
-4.359999999999999987e-01
-2.620000000000000107e-01
2.290000000000000091e-01
1.389999999999999902e+00
-2.270000000000000073e-01
1.759999999999999898e-01
-1.578999999999999959e+00
5.080000000000000071e-01
-5.540000000000000480e-01
1.318999999999999950e+00
1.059999999999999970e-01
9.979999999999999982e-01
1.099999999999999936e-02
-2.431000000000000050e+00
4.319999999999999951e-01
9.600000000000000200e-02
-1.518000000000000016e+00
1.872999999999999998e+00
1.195000000000000062e+00
2.419999999999999929e-01
1.852999999999999980e+00
-9.989999999999999991e-01
8.689999999999999947e-01
1.372000000000000108e+00
-1.209999999999999964e-01
-7.890000000000000346e-01
-2.389999999999999902e-01
-4.380000000000000004e-01
2.680000000000000160e-01
5.240000000000000213e-01
2.770000000000000240e-01
1.570000000000000007e-01
1.809999999999999942e-01
3.260000000000000120e-01
1.219999999999999973e+00
-1.004000000000000004e+00
3.380000000000000226e-01
1.580000000000000016e-01
-8.000000000000000167e-03
1.026999999999999913e+00
1.824000000000000066e+00
-4.109999999999999765e-01
-1.254999999999999893e+00
-1.147999999999999909e+00
-2.260000000000000064e-01
2.349999999999999867e-01
-1.400000000000000029e-02
-1.018999999999999906e+00
-1.951999999999999957e+00
7.780000000000000249e-01
2.141999999999999904e+00
1.891000000000000014e+00
6.510000000000000231e-01
1.937999999999999945e+00
-9.919999999999999929e-01
-1.048999999999999932e+00
3.149000000000000021e+00
-1.280000000000000027e-01
-4.849999999999999867e-01
9.020000000000000240e-01
-2.760000000000000231e-01
-1.120000000000000023e-01
-6.700000000000000400e-02
-3.049999999999999933e-01
9.959999999999999964e-01
8.040000000000000480e-01
1.036000000000000032e+00
1.139999999999999902e+00
2.311999999999999833e+00
4.399999999999999745e-02
-3.190000000000000058e-01
4.040000000000000258e-01
-3.220000000000000084e-01
-1.700000000000000122e-02
-2.443000000000000060e+00
1.108999999999999986e+00
-1.960000000000000075e-01
-1.302000000000000046e+00
2.213999999999999968e+00
-5.530000000000000471e-01
1.899999999999999953e-02
-2.640000000000000124e-01
-3.770000000000000018e-01
6.219999999999999973e-01
9.250000000000000444e-01
-6.989999999999999547e-01
2.200000000000000011e-01
4.800000000000000100e-02
5.270000000000000240e-01
1.387000000000000011e+00
1.449000000000000066e+00
-3.860000000000000098e-01
-5.610000000000000542e-01
-8.000000000000000444e-01
2.750000000000000222e-01
6.490000000000000213e-01
1.298000000000000043e+00
-1.108000000000000096e+00
-7.189999999999999725e-01
1.201000000000000068e+00
1.286999999999999922e+00
-7.900000000000000078e-02
-1.038000000000000034e+00
1.239999999999999991e+00
2.015000000000000124e+00
-7.600000000000000089e-01
6.029999999999999805e-01
1.114999999999999991e+00
1.512999999999999901e+00
-8.379999999999999671e-01
1.114999999999999991e+00
-1.598000000000000087e+00
-8.000000000000000167e-02
9.330000000000000515e-01
4.510000000000000120e-01
1.197000000000000064e+00
7.079999999999999627e-01
-6.500000000000000222e-01
-9.280000000000000471e-01
1.387999999999999901e+00
-5.340000000000000302e-01
-2.190000000000000002e-01
2.900000000000000147e-02
1.859999999999999987e-01
-8.489999999999999769e-01
-1.387000000000000011e+00
-4.440000000000000058e-01
6.840000000000000524e-01
2.199999999999999872e-02
-1.300000000000000044e+00
5.440000000000000391e-01
9.479999999999999538e-01
-9.439999999999999503e-01
4.299999999999999933e-01
1.150000000000000050e-01
-1.417999999999999927e+00
-4.869999999999999885e-01
2.680000000000000160e-01
3.210000000000000075e-01
1.130000000000000032e-01
6.820000000000000506e-01
3.739999999999999991e-01
-1.266000000000000014e+00
-8.239999999999999547e-01
1.572999999999999954e+00
-1.012999999999999901e+00
-7.319999999999999840e-01
-6.270000000000000018e-01
1.104999999999999982e+00
4.359999999999999987e-01
1.124000000000000110e+00
1.078999999999999959e+00
1.769999999999999907e-01
1.586999999999999966e+00
4.789999999999999813e-01
1.140000000000000041e-01
2.065999999999999837e+00
-1.058000000000000052e+00
-2.999999999999999889e-01
2.206999999999999851e+00
1.215999999999999970e+00
1.449999999999999956e+00
9.600000000000000200e-02
-1.258999999999999897e+00
1.610000000000000042e-01
-6.340000000000000080e-01
4.309999999999999942e-01
3.489999999999999769e-01
1.663999999999999924e+00
-3.350000000000000200e-01
2.650000000000000133e-01
-1.059999999999999970e-01
-9.969999999999999973e-01
8.739999999999999991e-01
-5.340000000000000302e-01
9.300000000000000488e-01
-1.890000000000000013e-01
4.329999999999999960e-01
1.170000000000000068e-01
-7.399999999999999911e-01
2.305000000000000160e+00
2.468999999999999861e+00
-1.411000000000000032e+00
-2.770000000000000018e+00
2.119999999999999940e-01
-6.710000000000000409e-01
-5.739999999999999547e-01
6.000000000000000125e-03
9.280000000000000471e-01
-7.459999999999999964e-01
2.869999999999999774e-01
5.859999999999999654e-01
-1.606999999999999984e+00
1.270000000000000018e-01
-1.016999999999999904e+00
1.844000000000000083e+00
-9.240000000000000435e-01
-1.079999999999999988e-01
2.590000000000000080e-01
-5.290000000000000258e-01
1.699000000000000066e+00
-1.362999999999999989e+00
-1.344000000000000083e+00
-2.879999999999999782e-01
2.744000000000000217e+00
1.356000000000000094e+00
9.190000000000000391e-01
1.372999999999999998e+00
-1.405000000000000027e+00
-4.560000000000000164e-01
-8.439999999999999725e-01
1.270999999999999908e+00
-1.039999999999999952e-01
-1.590000000000000024e-01
2.234999999999999876e+00
-1.358000000000000096e+00
1.314000000000000057e+00
1.364000000000000101e+00
7.249999999999999778e-01
4.520000000000000129e-01
3.870000000000000107e-01
5.610000000000000542e-01
-1.554999999999999938e+00
1.250999999999999890e+00
-7.900000000000000078e-02
1.562999999999999945e+00
-2.989999999999999880e-01
1.028999999999999915e+00
-4.759999999999999787e-01
-5.829999999999999627e-01
1.429999999999999938e+00
-8.780000000000000027e-01
5.540000000000000480e-01
2.829999999999999738e-01
-3.629999999999999893e-01
2.560000000000000053e-01
1.387000000000000011e+00
3.900000000000000133e-01
6.929999999999999494e-01
-1.859999999999999987e-01
-6.039999999999999813e-01
9.549999999999999600e-01
-6.600000000000000311e-01
-1.330000000000000071e+00
-1.312000000000000055e+00
-1.985999999999999988e+00
1.078999999999999959e+00
-2.899999999999999800e-01
-2.510000000000000009e-01
-4.259999999999999898e-01
-7.990000000000000435e-01
1.189000000000000057e+00
2.220000000000000029e-01
-4.289999999999999925e-01
-6.710000000000000409e-01
-4.819999999999999840e-01
1.681000000000000050e+00
2.400000000000000050e-02
3.180000000000000049e-01
4.099999999999999756e-01
-1.219999999999999973e-01
-2.909999999999999809e-01
1.262000000000000011e+00
-1.880000000000000004e-01
6.959999999999999520e-01
2.172000000000000153e+00
-2.199999999999999872e-02
-6.959999999999999520e-01
9.899999999999999911e-01
-1.016999999999999904e+00
-9.589999999999999636e-01
-2.089999999999999913e-01
-1.558999999999999941e+00
-4.949999999999999956e-01
1.002999999999999892e+00
-7.089999999999999636e-01
-1.170000000000000068e-01
8.040000000000000480e-01
4.759999999999999787e-01
-5.070000000000000062e-01
-9.090000000000000302e-01
-1.233999999999999986e+00
8.850000000000000089e-01
-1.086000000000000076e+00
-5.500000000000000444e-01
-9.090000000000000302e-01
-1.427000000000000046e+00
1.677000000000000046e+00
2.220000000000000029e-01
8.750000000000000000e-01
7.550000000000000044e-01
8.589999999999999858e-01
-8.519999999999999796e-01
1.000999999999999890e+00
1.179999999999999938e-01
3.099999999999999978e-02
-6.790000000000000480e-01
-1.052000000000000046e+00
-1.697999999999999954e+00
5.959999999999999742e-01
-4.339999999999999969e-01
-1.100000000000000006e-01
1.560999999999999943e+00
-1.316000000000000059e+00
1.566999999999999948e+00
-7.640000000000000124e-01
3.059999999999999942e-01
1.322000000000000064e+00
-6.129999999999999893e-01
1.131999999999999895e+00
-9.929999999999999938e-01
-7.099999999999999645e-01
7.469999999999999973e-01
-1.000000000000000056e-01
-5.299999999999999850e-02
-1.445000000000000062e+00
1.953000000000000069e+00
7.099999999999999645e-01
1.056999999999999940e+00
-2.400000000000000050e-02
-1.120000000000000107e+00
1.788000000000000034e+00
2.750000000000000222e-01
1.000000000000000021e-02
9.280000000000000471e-01
-2.049999999999999878e-01
1.149999999999999911e+00
3.400000000000000244e-02
1.008000000000000007e+00
-2.847999999999999865e+00
-4.729999999999999760e-01
-1.090999999999999970e+00
2.369000000000000217e+00
-5.610000000000000542e-01
7.720000000000000195e-01
-2.427999999999999936e+00
-1.970000000000000084e-01
-6.099999999999999867e-02
1.549999999999999989e-01
9.769999999999999796e-01
-6.840000000000000524e-01
-1.239000000000000101e+00
1.506999999999999895e+00
-1.170000000000000068e-01
-3.609999999999999876e-01
-1.241000000000000103e+00
-1.491999999999999993e+00
2.117999999999999883e+00
-2.330000000000000127e-01
-1.328999999999999959e+00
3.449999999999999734e-01
6.969999999999999529e-01
-8.699999999999999400e-02
-4.060000000000000275e-01
1.018000000000000016e+00
-8.960000000000000187e-01
-5.090000000000000080e-01
-1.447999999999999954e+00
1.969999999999999973e+00
1.125000000000000000e+00
-5.769999999999999574e-01
2.089999999999999913e-01
-2.300000000000000100e-01
-1.544000000000000039e+00
-4.309999999999999942e-01
-7.419999999999999929e-01
1.504000000000000004e+00
-3.410000000000000253e-01
1.980000000000000093e-01
-7.730000000000000204e-01
-5.939999999999999725e-01
-6.500000000000000222e-01
1.890000000000000013e-01
-9.589999999999999636e-01
-1.233999999999999986e+00
-1.089999999999999997e-01
9.299999999999999933e-02
-5.120000000000000107e-01
-5.679999999999999494e-01
-1.415999999999999925e+00
-7.439999999999999947e-01
1.680000000000000104e-01
7.610000000000000098e-01
2.570000000000000062e-01
-2.780000000000000249e-01
2.028999999999999915e+00
1.189999999999999947e-01
7.590000000000000080e-01
2.200000000000000011e-01
5.430000000000000382e-01
1.943000000000000060e+00
1.296000000000000041e+00
-9.180000000000000382e-01
1.582999999999999963e+00
-1.572000000000000064e+00
-5.080000000000000071e-01
-6.270000000000000018e-01
4.279999999999999916e-01
1.415000000000000036e+00
-8.549999999999999822e-01
-1.588999999999999968e+00
-1.759999999999999898e-01
4.119999999999999774e-01
6.109999999999999876e-01
-1.150000000000000050e-01
-4.299999999999999656e-02
9.600000000000000200e-02
1.160000000000000059e-01
7.069999999999999618e-01
-2.250000000000000056e-01
-1.439999999999999891e-01
5.440000000000000391e-01
-6.959999999999999520e-01
-6.099999999999999867e-02
-1.469999999999999918e-01
3.469999999999999751e-01
1.610000000000000042e-01
4.909999999999999920e-01
1.020000000000000018e+00
-8.790000000000000036e-01
-8.840000000000000080e-01
1.002999999999999892e+00
8.060000000000000497e-01
-5.400000000000000355e-01
1.094000000000000083e+00
3.089999999999999969e-01
1.280000000000000027e+00
-3.008000000000000007e+00
1.147999999999999909e+00
-5.460000000000000409e-01
1.838000000000000078e+00
6.119999999999999885e-01
2.670000000000000151e-01
-7.469999999999999973e-01
-4.219999999999999862e-01
8.529999999999999805e-01
-1.854000000000000092e+00
-2.399999999999999911e-01
-1.380000000000000115e-01
1.433999999999999941e+00
8.629999999999999893e-01
-1.360000000000000098e-01
1.280000000000000027e-01
-6.189999999999999947e-01
-3.529999999999999805e-01
1.338000000000000078e+00
1.913000000000000034e+00
6.000000000000000125e-03
5.959999999999999742e-01
1.945000000000000062e+00
4.359999999999999987e-01
1.280000000000000027e-01
-1.223000000000000087e+00
-2.706999999999999851e+00
-9.979999999999999982e-01
-3.180000000000000049e-01
1.364000000000000101e+00
